5.82430869e-01 1.73270786e-01 6.22964266e-01 6.09024925e-01
 1.00281157e+00 9.51227261e-01 1.55850016e+00 1.55723474e+00
 1.54597158e+00 9.76932619e-01 8.77048221e-01 -1.08429225e-02
 1.20162048e-01 2.97718659e-02 1.74997921e-02 6.57076066e-01
 3.25909018e-01 7.61575398e-01 4.00181200e-01 5.09161712e-01
 5.59264122e-01 3.08725301e-01 1.58513062e+00 1.56845674e+00
 6.69846098e-01 1.01192895e+00 9.27958053e-01 4.01931358e-01
 6.93577089e-01 6.91394130e-01 1.09554459e+00 -7.66268837e-02
 2.05523109e-01 8.22088561e-01 8.78531080e-01 4.09965694e-01
 1.34651294e-03 3.52406378e-01 5.95271869e-03 5.32259730e-01
 7.56492391e-02 1.09956826e-01 2.18497576e-01 7.80520559e-01
 9.99196515e-02 0.43562714 0.99269372 1.32156588 0.15358398 1.05118147 0.46191899
 1.54373955 1.53110438 1.44581424 0.52473793 0.2902596 0.26361426
 0.75162152 0.60324501 0.19322056 0.72328849 0.62236667 0.91292438
 0.20505862 0.53946412 0.56139475 0.02374351 0.02090695 0.21350267
 0.52785306 0.25541876 0.76658259 0.86305797 0.44288541 0.37017367
 0.62867162 0.63962107 0.40845404 0.56939977 0.38087625 0.34239993
 1.48592403 1.09172665 1.50845578 0.40197618 0.25615249 0.20246696
 0.3234496 0.14009947 0.89515536 0.50112205 0.77122695 0.83399495 0.68808616 0.181805 0.77536541
 0.3831291 0.07846894 0.03520855 0.30465839 0.25999333 0.73822063
 0.24780411 0.81147467 0.25284137 1.37149209 1.15502616 0.44852729
 0.55898537 1.01398083 0.02389902 -0.23543801 0.67297147 0.60815196
 0.37346397 0.95235343 0.41539072 0.73391822 0.04011895 0.78393319
 0.95039293 0.70144424 0.18323825 0.03729809 -0.05406163 0.65377852
 0.38081989 0.01048543 0.49752897 0.35738189 0.43894428 0.30220523
 0.81656605 0.75553178 0.62726851 0.51708556 0.25003784 0.26346486 0.86606956 0.24802815 0.18942257
 0.02715286 0.04609937 -0.06157553 0.46738426 0.65380975 0.29714158
 0.60256211 1.01757468 0.96515397 1.34240276 0.19781531 0.52721448
 1.3305053 0.57216265 0.70143683 0.6519787 0.85288163 0.00144086
 1.19953752 1.42336831 0.83971891 0.20685259 0.6150778 0.84231548
 1.01385887 0.73112878 0.91646222 0.21090194 0.63672609 0.14789734
 0.04399419 0.00329418 0.08897352 0.72619428 0.80733579 0.05144907
 0.85101524 0.67873441 0.53137999 0.7777802 0.31057264 0.16128588 0.17939426 0.54775766 0.2222947
 0.02603936 -0.03526004 -0.01384814 0.78746113 0.20678028 0.15374014
 0.52544466 0.15748152 -0.04820963 0.09352145 1.20911922 0.39104727
 0.58323472 -0.01194803 0.73112216 0.9949603 0.77201428 0.47482112
 -0.37952298 0.68192296 0.24440234 0.34257606 1.02492304 1.17166466
 0.52820633 0.69437036 0.5479286 0.6549774 0.60560646 0.46215938
 0.43980564 0.47156761 0.70651008 0.37780257 0.31326607 0.91660692
 1.16009741 0.29648669 0.20791894 6.64845610e-01 1.19221045e+00 5.61353866e-01 8.96911179e-01
 1.08569703e-03 -7.21574616e-01 9.57212414e-01 7.18825909e-01
 -5.15386459e-01 1.78804165e-01 2.03588083e+00 1.20410061e+00
 -1.67876384e-01 3.58481170e-01 3.15182607e-01 1.81464815e+00
 -1.71718451e-01 3.28281177e-01 4.80027707e-01 7.05417544e-01
 9.47434505e-01 6.89903912e-01 3.81652707e-01 6.91010639e-02
 6.45539612e-01 4.86330657e-01 4.43051650e-03 3.84052555e-01
 2.23228263e-01 8.40461992e-01 3.74655738e-01 9.15189419e-01
 3.49353537e-01 3.31780485e-01 3.80789566e-01 9.37540914e-01
 2.51960100e-01 -1.45983295e-01 1.75262074e-01 7.86057625e-01
 2.59406377e-01 7.09690210e-01 1.21244218e+00 9.43305169e-01
 6.76225443e-02 6.13052597e-01 6.58999205e-01 1.45715848e+00 5.94738959e-01
 1.04308940e+00 6.95371513e-01 1.67690364e+00 2.31890835e-01
 4.24414760e-01 1.46765779e+00 -2.53324165e-01 7.11760316e-01
 9.20930087e-01 3.80512111e-01 4.12639277e-01 8.54343181e-01
 1.01046370e+00 -9.60623158e-05 1.78255293e-01 1.38394069e-01
 8.73727372e-01 1.86903757e-01 1.58305524e-01 1.18218665e-01
 5.39920408e-01 9.26321822e-01 9.54165352e-01 5.26472653e-01
 6.43506006e-01 3.53059783e-01 5.65578481e-01 3.12105806e-01
 6.38867799e-01 3.72983974e-01 8.60759260e-01 5.61721710e-01
 1.55933753e-01 6.18610645e-01 2.13755900e-02 7.78474264e-01
 8.88306864e-01 7.11451180e-01 3.69732597e-01 4.64217078e-01
 6.42582163e-01 0.50825704 0.44662025 1.68606915 0.6530134 0.24759841 0.8120206
 1.40883485 1.08901982 0.61995622 0.46198853 1.0020815 0.76792589
 -0.88380664 0.64996557 -0.25682769 0.38141532 0.95026253 0.42146439
 0.10491635 0.75858775 -0.00546324 0.40078642 0.81350584 0.42720598
 1.01948271 0.08377474 0.13644595 0.36861315 0.63907042 0.92356128
 -0.29478527 0.59374172 0.75200431 0.95616834 0.68947071 0.72070889
 -0.09552136 0.27578417 0.08869326 0.06142622 0.5073279 0.56218111
 0.22219611 0.72384104 0.69949538 1.12242397 0.90350391 1.38651764 0.52591564 0.8872485 0.09672645
 1.17574747 -0.69876806 0.85948813 0.8665148 -0.10446703 0.55493787
 -0.23291373 0.64939217 0.65990346 0.14437938 0.35139274 0.7692999
 -0.16602232 0.34749207 0.30204654 0.22450547 -0.15770513 0.32025162
 0.72702472 0.09849276 0.56899894 -0.11143658 0.79489262 0.15542815
 0.37018679 0.9597228 1.07998355 1.03403855 0.21354495 -0.41989834
 0.13878686 0.03402779 -0.25967326 0.54364434 0.95746941 0.4121923
 0.71717595 0.3904704 0.33275246 -0.2938901 -0.03766122 0.70993349 -0.95030446 0.70071647 -0.06828234
 1.80997737 0.79811304 1.0768942 0.4444696 -0.02061382 0.73694267
 0.17874011 0.18731055 0.53625684 0.52609746 -0.29164971 0.78480683
 0.30241992 -0.07836025 0.99678793 0.83651567 0.78015004 0.62762539
 -0.20180456 1.74624824 0.96839465 -0.3864733 0.46658983 0.55413189
 0.67086052 0.81893892 0.36460906 0.38278278 0.59010853 1.02957829
 1.63615833 0.75988492 1.63454233 0.71509433 0.75762768 0.94924661
 0.37251703 0.21824438 0.08593078 0.65454257 0.57318277 0.68025598 -0.59975101 0.53329015 0.17742324
 0.71674729 0.38821919 -0.05144327 1.62702546 0.96908557 1.06978705
 -0.10538355 0.58314524 0.71869822 0.93611712 -0.07196039 -0.05152406
 0.84735186 0.94750898 -0.10086661 0.00326518 0.32694605 0.31072121
 0.69230005 0.17235541 0.2412061 0.88425085 -0.12541148 -0.24789757
 0.66028901 0.4100657 0.91390607 -0.48381397 -0.2674451 0.29136893
 0.42016968 1.03547554 -0.22212131 0.51333559 0.65379412 0.97767397
 0.03952839 0.37920616 0.0244514 -0.2448812 0.64187784 1.31054578 0.07656398 0.72353682 0.45457944
 0.824943 0.01192951 -0.1984022 0.77795309 1.46149124 0.62446665
 0.87102437 0.22902104 0.0567255 0.00185023 0.830118 0.85286216
 1.01029771 1.29329864 0.9854576 0.33082634 0.18165864 0.08861201
 0.34773578 0.79832925 0.1392259 0.16408885 -0.25483328 -0.29051676
 0.62209687 0.07928734 0.56713142 0.3949347 0.44232804 0.3366745
 1.38659734 1.58265718 1.4594276 0.57717598 0.18753892 0.02737827
 1.21898147 0.06601361 0.06666645 1.18521969 0.57911912 1.08216737 -0.68633348 0.27363235 0.61610291
 1.06484476 0.82828998 1.20699506 0.79351172 0.91789033 1.5139592
 -0.03895955 0.32621906 0.44967382 1.42697039 -0.14000841 0.42433112
 0.56218979 -0.15679241 0.42818232 0.0442991 0.64327496 0.24817291
 0.61629856 0.91921647 0.64911005 0.60059461 0.92422222 0.22864289
 -0.55092756 0.46544428 0.65992779 0.92898541 1.20617054 0.59075603
 0.2423471 0.43037422 0.00984212 0.87849076 0.22384146 0.26180266
 0.76514483 0.79111691 0.4822902 -0.01689251 0.87579381 1.0023361 0.34080487 1.01221593 0.31060982
 0.64210158 -0.42911479 -0.01878719 -0.77365174 0.12847239 0.53163639
 -0.29501454 0.35680864 0.28499981 -0.28933126 -0.13648937 0.38071157
 1.22622159 -0.01669565 0.60716993 -0.14752241 -0.12713944 0.29774126
 0.93643493 -0.11055157 0.56082474 -0.63111986 -0.22363842 0.68025983
 0.24630091 0.70431246 0.12402151 -0.02143469 0.52799091 0.47299895
 0.65217552 0.18356985 -0.20967449 0.28574391 0.38665004 0.7898037
 0.37047913 0.00949047 0.73491729 0.83445145 -0.21935167 0.15006444 -0.60900853 1.44440081 1.01196881
 0.29775448 0.44824691 0.70322098 0.97732353 0.3924885 0.46862026
 0.2818324 0.679021 0.18704225 0.06688937 0.77552315 0.08470423
 0.85739853 -0.41778345 0.89133443 0.57761432 0.36089738 -0.18123274
 0.1978312 -0.16328198 0.32238539 0.15099926 0.39167495 0.32770431
 0.97161022 0.57486927 1.13569083 0.39943383 0.3678749 0.0993731
 0.53088263 0.35207231 0.07449107 0.580436 0.23502712 0.89734558
 0.79635091 0.33971982 0.84904749