0.1988816 0.09982236 0.11893678 0.87486359 0.68398804 1.06744505
 1.53956683 1.62194806 1.52554552 0.53526781 0.09564037 1.01014146
 0.3194306 0.39122402 0.74527614 0.93361069 0.56635048 0.76768402
 0.49401682 0.79218627 0.42319668 0.02328878 0.00946985 0.2388903
 0.87756093 1.02537017 0.0311534 1.10462323 0.39585032 0.17326941
 0.57587816 0.1937086 0.14931742 0.64494553 0.12504673 -0.3000473
 1.46195547 0.57620527 1.44545824 0.15765271 0.81449035 0.36850245
 -0.04561692 0.07354214 0.80224183 0.67672179 0.76247754 0.29882806 1.142115 1.16991394 0.53030797
 -0.04515829 0.06309998 -0.05612078 1.012534 0.09061102 0.43711973
 0.62366885 0.37381064 0.27815009 -0.06609169 0.3627792 0.65749001
 1.24412109 0.13377539 -0.2173984 0.61518708 0.84607423 0.75040008
 0.28713375 -0.05133683 0.59564973 1.04981607 0.25010303 1.03923409
 0.34975527 0.18189133 0.16233264 1.08442499 0.4287943 0.61556431
 0.66320914 0.73620185 0.122945 0.49860076 0.98347665 0.14890772
 0.91334246 0.05070448 0.03856771 0.1721102 0.66858065 1.15905288 0.97343954 0.67087104 0.60565566
 0.35736203 0.14048918 -0.18348656 0.26091512 0.32239653 0.38197071
 0.27338194 0.49608097 -0.11033606 0.19661701 0.141208 0.64705067
 0.56537221 -0.08987338 0.21318458 0.50063236 0.51056653 0.53067678
 0.18423421 0.58212944 0.74808612 0.11014108 0.65083226 0.26471366
 0.51952289 0.01215803 0.74618524 0.39878153 0.60296693 0.7354733
 0.18452684 0.22807414 0.19043336 0.51249205 0.9300464 0.53410617
 1.17080236 0.17966134 0.05782326 0.32930217 0.5714184 1.19582507 0.32119402 -0.02090982 0.32224535
 -0.18977298 0.03504825 0.01309088 0.74686081 0.71537297 0.28078225
 0.82523616 0.46602174 1.03743256 0.75502947 0.13275839 0.2309079
 0.31568464 0.90479761 0.40271738 0.84721337 0.57807722 0.1973437
 0.59407868 0.12517426 1.06777952 0.76670406 -0.32930396 0.18764189
 0.51766809 0.17474744 0.75929183 0.28488563 0.47690073 0.05233441
 0.43369653 1.07638696 0.73023801 0.24279277 0.18190632 0.2762856
 0.76033391 0.06429905 1.11185758 0.78555545 0.62067959 1.06171341 0.29446712 -0.02877312 0.56860623
 -0.22807347 -0.05378612 0.0894568 0.21384159 0.27398479 0.63690525
 0.74003271 1.05988178 0.70230346 0.14445767 0.09267023 0.3331099
 0.76673465 0.86302317 0.80576934 0.4264353 0.44579719 0.49616097
 -0.19595266 0.73957436 0.13123238 0.45593058 -0.10051667 0.32988174
 1.02231707 0.20150192 0.3068575 0.74323291 0.76155628 0.05049374
 0.05286514 0.81369777 0.05000118 0.38713515 0.93274968 0.38278755
 0.07227615 0.74369926 0.16449432 -0.14755835 0.2889104 0.49248545 -1.0549467 0.32612716 -0.06254502
 1.0592751 0.90459559 0.7796302 0.83611723 0.9695609 2.144193
 0.09021177 0.46243999 1.09435037 1.02289984 0.64702614 0.51193239
 -1.04751363 -0.2317514 1.18221159 0.18270776 0.18886836 0.3629525
 0.10210553 1.11983381 0.66564678 0.45529663 0.30504102 0.77914119
 -0.08245743 0.44718187 0.57172754 1.37673537 -0.41094084 0.4133194
 1.60862068 0.0685552 1.40694432 0.69595457 0.498982 0.66133984
 0.01466434 0.73787101 1.18152579 1.0059533 0.66724423 -0.17318375 -1.08233594 1.0758755 1.62423276
 0.39210155 0.60451179 1.4327181 -0.60821902 0.91835893 0.37179346
 0.13053171 0.13636272 0.30708879 -0.38564017 0.49389769 0.3726744
 0.64577596 0.71920422 1.03915819 -0.41473011 -0.00694114 0.46093511
 0.94532595 -0.05531862 0.55091425 0.12424196 0.51104728 0.91721087
 -0.01636909 0.1752 0.11172907 0.69500162 0.34815591 0.27384974
 0.57035331 0.32878026 0.10430685 0.45043506 0.58860182 0.02988409
 1.17492289 0.69855172 0.42817405 0.21245374 0.65063232 0.94027096 1.31745319 0.7323328 0.87840961
 0.6427434 0.43045891 -0.47705002 1.23745485 0.27326618 0.56170828
 1.56752646 -0.5658994 0.77231901 0.4733314 0.97857505 0.5723183
 -0.13337703 0.75903171 0.8543309 0.28910454 0.4676818 0.44344866
 0.79055358 0.01329177 -0.09848094 0.60736656 1.16523105 0.87083247
 0.51066617 0.55049571 0.99937363 0.72351936 0.02958126 0.64764194
 0.07226679 0.26995643 0.00681423 0.01790073 0.06254301 0.95627007
 0.41343804 0.68660727 -0.03674623 -0.04218453 0.80136165 0.31981145 1.35758144 0.59854762 0.62718317
 0.53493846 0.09917828 -0.29908966 0.56255679 0.02048562 -0.30543951
 -0.20624308 0.40436569 0.65398248 0.40018493 0.39302135 0.48983962
 -0.37316631 0.33373772 0.62546305 -0.62795489 0.35905837 0.48364676
 1.06214601 0.14374791 0.5196563 0.85838476 0.94481874 0.28915396
 1.16583009 0.85146306 0.77835458 -0.26781073 -0.15868484 -0.09017642
 0.05087024 0.53646156 -0.16133106 0.75536358 0.16209651 0.49374928
 0.02549546 0.44430743 0.43208992 0.18577872 0.66041564 0.56937728 1.20941682 0.09300034 1.13531559
 0.82899831 0.6429953 -0.49575233 1.72993557 0.44982516 0.86538618
 1.00442255 -0.45055677 0.18504547 0.30209074 0.26514291 0.26271653
 0.50090694 1.18374219 0.6017278 -0.06938199 0.2124462 -0.23972371
 -0.19614926 0.73144774 1.044788 0.53357153 0.35216839 0.1854529
 0.68271092 0.3287045 0.04934547 0.60049298 0.82092396 0.64210448
 0.02103045 0.11059564 0.10664722 0.89213879 0.30932031 0.62692187
 0.02064196 0.73268336 0.3498826 0.28703744 0.72646201 0.35031202 0.37576857 0.1064869 0.99766722
 0.43367122 0.43224738 0.38345937 -0.40764905 0.37415008 0.17246334
 -0.02223148 -0.04475454 0.78917908 1.22561813 0.62257274 1.0516285
 0.58330485 0.63843109 0.54806024 1.51215335 0.37114892 -0.00200654
 0.24922232 1.02025035 0.44508116 -0.32665166 1.17067416 1.23090093
 0.25620144 0.47901284 0.76370626 0.23174138 0.82923032 0.75942446
 0.53264598 -0.61817334 0.36828493 0.9960168 0.99740999 0.7646465
 1.08130333 0.41500129 0.83145182 0.66967207 -0.03684297 0.78447324 0.56865034 0.49262909 1.14892048
 0.44943762 0.40137632 1.17422986 -0.73835141 0.36860756 0.73704268
 -0.19767142 1.33280701 1.1936522 0.66825689 0.31460721 1.09281356
 1.20684652 0.916287 0.07043772 1.00640356 -0.14116292 0.07873066
 0.87711445 0.3789373 0.81319271 -0.02561029 0.58491848 0.65691243
 -0.35350994 0.36756317 0.42824758 1.71721152 0.25479428 0.55642275
 1.40231811 0.38592419 1.19183629 0.32354947 0.14651561 0.1979517
 0.36772132 0.07763482 0.45114842 0.95449318 0.68796303 1.05561115 0.55856882 0.57238879 0.44465467
 1.05148058 -0.00556901 0.57172816 0.89690186 0.42959214 0.02462658
 0.58210279 -0.21870476 1.08318283 0.33814359 0.78744574 0.08383726
 -0.08098239 0.69465779 0.27653724 0.1904352 -0.18231782 0.4780812
 0.24144061 0.22078706 0.6002791 0.88367158 0.83018536 0.69013395
 1.00782643 0.65503332 1.13038117 0.95275961 0.73577493 0.86010189
 0.57424862 0.07114842 0.66517439 0.12654341 0.02251961 0.32838341
 1.15385054 0.04840765 0.35049121 1.08329455 1.0791416 0.11612606 -0.19873275 0.52581678 0.50774139
 1.37300513 -0.23435602 0.76519876 0.93592824 1.89792567 0.70584852
 -0.3778992 0.36240663 0.58695552 1.12754687 0.72880685 -0.66845664
 -0.36874325 0.17366973 0.18763477 0.12708009 1.18802173 0.40752407
 0.96856126 0.0894197 0.51569374 1.51004584 0.3647193 1.02809778
 0.36256681 0.69680478 0.53975044 0.54263395 1.10184672 0.19525827
 1.03291429 0.80361979 -0.05708814 0.0209983 0.57372739 0.14730752
 1.39924097 0.25143132 0.64786775 0.00218545 1.23132208 1.14390573 0.19279625 0.81455651 0.75386094
 1.14186281 1.09272777 1.48562252 -0.31038983 -0.32475455 -0.26382453
 0.65602968 0.1737127 -0.02425259 -0.55149209 0.18361425 0.12894961
 0.43744475 0.36665663 0.84022985 0.01163907 -0.07427681 0.41632412
 0.03141629 0.06194638 0.19006637 0.75181953 0.13650958 -0.14235833
 1.04209846 0.94865474 0.30597961 0.43106231 0.69724683 0.21418917
 1.57181056 1.08299524 1.67996677 0.9036635 0.38951669 0.53042345
 0.03280436 0.10290926 0.85465985