0.24463267 0.50621896 0.72483121 0.45442036 0.8079862 0.95299386
 0.14070684 0.13911727 0.14807553 0.07415222 -0.02395456 0.82293122
 0.05981419 0.38789191 0.20572167 0.37101747 0.12656034 0.74032349
 0.27795623 0.63788051 -0.05335711 -0.07587282 0.04408883 -0.02308543
 0.06582378 0.74364869 0.45267258 -0.10519567 0.7479134 0.05935878
 0.99047749 0.33268588 0.74529933 0.28847202 0.62767703 0.24308661
 0.90401851 -0.00456419 -0.01966233 0.00278473 0.30455444 0.52525314
 -0.04648926 0.4455972 0.54722675 0.17725127 0.71866899 0.07699681
 0.97634894 0.19819344 0.44746119 0.18956272 0.02269415 0.03697311
 0.00353119 0.22219569 0.63449006 0.75836672 0.3639857 0.35569041
 0.49037909 3.11611975e-01 6.96870037e-01 7.06391190e-01 5.34868267e-01
 5.27476326e-01 6.07307950e-01 9.23380904e-01 6.81000031e-01
 1.22183219e-01 2.04198537e-01 -1.34998678e-01 4.27858991e-01
 6.81513896e-02 2.90699059e-01 -4.69255261e-03 3.64103977e-01
 1.05078186e-01 9.23409671e-01 7.73608256e-01 -6.75707558e-03
 1.29404319e+00 1.34164956e+00 -1.64672117e-01 1.56403475e-01
 1.40795729e-01 3.35023178e-02 7.24445906e-01 5.17732322e-01
 1.65914584e-01 1.03775548e+00 2.99370277e-01 7.24568249e-01
 3.33201651e-01 9.32986105e-01 1.84435880e-01 9.21100756e-01
 7.42730796e-01 -2.07865545e-02 2.81033680e-02 1.67767742e-02
 3.07715820e-01 5.97680742e-01 1.60588993e-01 8.02268146e-01
 1.60738029e-01 -8.19578436e-04 4.17993437e-01 2.70167631e-01
 8.34476217e-02 5.52869447e-01 7.01503484e-01 6.47547010e-02
 1.41974286e-02 1.78827055e-02 -3.24135532e-02 6.13282720e-01
 7.39398362e-01 1.92404684e-01 6.36725502e-01 1.73366722e-01
 5.01126037e-01 0.32186889 0.59663111 0.75354076 0.22793315 0.45933345 0.61832824
 0.59879058 0.5142537 0.83718917 -0.0424754 0.12614632 0.16002595
 0.32398514 0.0430518 0.26250713 0.34118506 0.97246735 1.41410302
 1.16785469 0.64011656 1.11770972 1.13152731 0.07478848 0.08911365
 0.12026647 0.26737669 0.45885557 0.1049865 -0.2611427 1.03268124
 0.6514455 1.28837734 0.73978771 0.42562264 -0.28381291 0.23673127
 0.56481637 0.1343498 0.11343668 0.14041852 0.57508208 0.14574252
 0.92052112 0.93701037 0.12025074 0.49685486 0.40535459 0.69640049
 0.47009052 0.82171551 0.32147331 0.57105127 0.56904869 0.43068814
 0.36151459 0.55806509 0.45371121 0.34988507 1.5640596 0.1589779
 0.89466797 0.33416493 0.48736909 0.6911713 0.71139977 0.59970093 0.84403401
 -0.03071917 0.49225589 0.46833819 0.10396004 0.0057967 0.11107444
 -0.01846045 0.51326597 0.7883862 0.14294514 0.08313863 -0.11129122
 -0.17175165 1.32779536 0.01982115 0.27700558 0.18027481 0.35514156
 0.63045622 0.77994226 0.62695646 0.70279767 0.5533951 0.66084859
 0.60405147 0.93083298 -0.01838585 0.31026818 0.33661911 0.40090766
 0.27465081 0.00346227 0.04115283 0.03824267 0.0603852 0.61541438
 0.31754157 0.94328047 0.84650554 0.4864492 0.27282401 0.62923211
 0.92850506 0.75229449 0.67824463 0.01634492 0.01591239 0.04829889
 0.00770213 0.86940401 0.28797799 0.12581591 1.30718095 0.37804257
 0.67143214 7.44547131e-01 3.91205172e-01 7.05886204e-01 5.44106115e-01
 6.04683254e-01 6.06582382e-01 6.15385894e-01 7.97640114e-01
 2.71825435e-01 2.32978360e-01 -1.65110464e-01 6.55183136e-01
 9.08564939e-01 9.71648385e-02 6.05858479e-01 3.97703581e-01
 3.82731561e-01 5.50323512e-01 6.27714786e-01 1.35295469e-01
 7.16852570e-01 3.67296948e-02 3.81159624e-02 2.75120317e-02
 -5.79892264e-02 6.07573646e-01 1.53915231e-01 6.18221141e-01
 5.19101299e-02 5.70133057e-01 5.86749237e-01 9.67776670e-02
 3.36443610e-01 7.74658870e-01 5.54264536e-01 5.36389758e-01
 7.64173519e-01 3.11667278e-03 -4.70250372e-03 3.85025114e-04
 9.66479054e-01 3.58373681e-01 2.12100569e-01 4.45433091e-01
 2.38103662e-01 -9.08781034e-02 8.23394371e-01 7.53582885e-01
 1.11218248e+00 1.10381542e+00 7.67858889e-01 2.81749370e-01
 7.59747292e-02 8.98571652e-02 1.89122283e-01 2.88767897e-02
 9.39031596e-01 3.09625915e-02 1.36925972e+00 2.66417349e-01
 4.37056185e-01 9.85326983e-01 2.07472099e-01 9.45994450e-01 1.00284382e-02
 2.63440038e-01 3.55824756e-01 5.54309944e-01 -5.16570535e-02
 1.83835515e-01 2.25301937e-01 -1.52603805e-01 9.36763897e-01
 5.36945679e-01 5.79650038e-01 6.24625433e-01 6.14427141e-01
 4.59039118e-01 1.67700753e-01 3.42480458e-01 1.65398068e-01
 5.80558905e-01 4.69842442e-01 5.43964893e-01 5.77425275e-01
 6.94583730e-02 6.18180369e-02 1.21921409e-03 5.12339821e-01
 7.09936484e-01 1.09512797e-01 4.57377450e-01 1.23348153e-01
 5.34723116e-01 4.33309989e-01 5.75605006e-01 9.39897333e-01
 4.48899079e-01 1.36072175e-01 2.70362351e-03 7.56052385e-03
 -9.14077315e-03 7.00116847e-01 4.37921642e-02 6.73326468e-01
 4.69146463e-01 6.46462512e-01 2.73692778e-01 2.69811853e-01
 6.57906209e-01 1.73769648e-01 4.44550576e-01 8.74292909e-01
 8.67225454e-02 -1.10640139e-02 2.21517005e-04 8.09657582e-03
 6.05981355e-01 9.28139107e-01 1.48610196e-01 5.97489859e-01
 8.34314896e-01 4.38970151e-01 6.35933788e-01 8.90623648e-01
 8.28979928e-01 7.59166777e-01 2.51629090e-01 9.93130539e-01
 -2.51948034e-03 1.35216205e-02 6.76776661e-03 4.24683953e-01
 1.57945732e-01 6.29567046e-01 5.82141050e-01 5.05031227e-01
 -7.77025278e-02 9.24518518e-01 2.66419665e-01 7.83798254e-01 6.83496262e-01
 5.88713536e-01 1.53668006e-01 7.27870649e-01 3.11133673e-01
 3.54608505e-02 2.03719136e-01 -7.12550296e-02 5.00549854e-01
 1.32911196e-01 2.54823708e-01 1.25963007e-01 4.52578982e-01
 5.51309126e-01 6.89141033e-01 4.28292418e-02 4.71849863e-01
 9.04390288e-01 3.09155534e-01 1.58861707e-01 2.33133337e-01
 3.28865822e-02 9.34540668e-02 -3.11023424e-02 4.39890384e-01
 3.77773417e-01 3.82730449e-01 1.12628098e-01 1.20989747e-01
 9.79012487e-01 6.24435343e-01 5.55759007e-01 8.18936627e-01
 7.04081226e-01 6.91999881e-01 -2.26372252e-03 -1.05476618e-02
 -2.22788664e-03 5.33228669e-01 8.82927086e-01 2.57489591e-01
 5.04027649e-01 1.03115378e+00 4.27346029e-01 2.32377171e-01
 7.81992659e-01 3.04770206e-01 5.55816348e-01 3.45620036e-01
 1.24681909e-01 9.65928845e-03 -1.00378955e-03 3.84752253e-03
 5.21187717e-02 1.00264421e-01 3.80303764e-01 9.23323094e-01
 2.79104398e-01 7.18345380e-01 3.92507454e-01 4.64264920e-01
 5.33714164e-01 4.37881137e-01 6.63894139e-01 1.99504223e-01
 -5.40635492e-02 6.56522119e-01 5.77122735e-02 1.84964062e-01
 2.73066895e-01 1.19819777e-01 -3.74738116e-02 7.54161875e-01
 2.57103271e-01 7.32721860e-02 1.23809816e-01 8.07639873e-01 4.87407830e-01
 1.10222561e-01 6.47339319e-01 2.45079936e-01 5.07067929e-01
 9.65144483e-02 1.97659613e-01 -9.07436414e-02 3.15222431e-01
 5.84227124e-01 8.64158710e-02 1.01096534e-01 7.59312100e-01
 7.31218830e-01 7.65906967e-01 4.05908844e-02 5.56337391e-01
 2.94611138e-01 4.05516254e-01 8.55201944e-01 3.98832463e-01
 3.31207404e-01 1.55690798e-01 1.38329578e-02 1.57652180e-01
 1.01150239e+00 4.09633891e-01 7.49502800e-01 8.84394041e-01
 1.48155766e+00 2.96837002e-01 -9.54687957e-02 -1.65311982e-01
 3.26936379e-01 8.12203618e-01 7.59024832e-02 1.20649005e-02
 1.11470511e-01 3.49125529e-01 4.26108300e-01 2.01746805e-01
 1.41704768e-01 7.29995225e-01 4.35766296e-01 7.29658327e-01
 2.64140196e-01 8.42450671e-02 5.70592800e-01 2.20417945e-01
 8.97676385e-01 -3.25217545e-03 -8.62487112e-03 -8.94252275e-03
 4.44914516e-01 2.19395909e-01 1.99110054e-01 -1.44976976e-01
 1.92856786e-01 1.12823791e+00 6.22138435e-01 3.68245786e-01
 9.00598486e-01 4.33972404e-01 9.09143650e-01 1.30174686e-03
 5.94722500e-02 3.32474443e-02 -1.41112135e-02 3.65088072e-01
 9.40905274e-01 3.41433422e-01 1.25947829e+00 5.78231840e-01
 8.67719214e-01 5.95596378e-01 5.71754283e-01 9.55530360e-01 1.37147900e-01
 5.30386553e-01 6.65261468e-01 5.87467781e-01 2.66312585e-01
 6.37485132e-01 -7.90148750e-02 1.52225067e-01 3.52832375e-01
 4.45129194e-01 9.59828876e-01 6.95688874e-01 6.52984821e-01
 9.32375459e-01 2.74538972e-01 4.01068889e-01 -1.11928938e-01
 3.68659254e-01 7.40415641e-01 4.79546020e-02 7.13120880e-01
 2.91541691e-01 4.94221623e-02 2.87650563e-03 3.05000172e-01
 2.82346947e-01 4.86766809e-01 4.09946926e-01 5.48843407e-01
 4.02585405e-01 9.96224558e-01 2.99993648e-01 1.45316124e-01
 8.32455751e-01 9.27523910e-01 -5.06789020e-03 -1.11647228e-02
 -3.30653820e-03 9.29779733e-02 7.83701467e-01 1.67268635e-01
 4.09097257e-01 8.72599533e-01 6.69484761e-01 5.83575893e-01
 3.69005786e-01 3.51202048e-01 8.52636700e-01 4.13022205e-01
 1.01925935e-01 -7.51005794e-03 -1.99637211e-04 7.64532284e-03
 2.91886919e-01 4.87894831e-01 4.05443703e-01 7.58629899e-01
 3.50778151e-01 3.43808967e-01 8.06562345e-01 3.37795127e-01
 4.13972876e-01 4.37827795e-01 4.01364556e-01 6.97995207e-01
 3.72549328e-03 9.22018093e-04 7.90885585e-03 4.53621051e-01
 6.95057878e-01 9.15681295e-01 6.39185905e-01 7.99879394e-01
 1.23982181e-01 0.28774504 0.82133468 0.93237263 0.68869505 0.58115704 0.7819498
 0.74631076 0.4406115 0.68364337 0.01229697 -0.00598547 0.54520623
 0.23677035 -0.02114299 0.87917575 -0.00873365 0.4047902 0.2272953
 0.35633131 -0.18906418 0.29839419 0.22701426 0.19479207 0.50573138
 -0.01391659 0.06682724 0.00662091 0.22387649 0.6585226 0.33446996
 0.33304341 0.87153608 0.11239323 0.25119844 0.28741446 0.43747367
 0.43595304 0.82688738 -0.03779379 0.03586701 0.04175086 0.66441673
 0.91828725 0.69973429 0.04698765 0.77399934 0.24108333 0.61116159
 0.23042392 0.73508624 0.45898602 0.49524972 0.72401157 -0.00496062
 0.01652035 0.009259 0.40935965 0.96731889 0.07271994 0.77783313
 0.49396577 0.63635126 0.89608662 0.11194058 0.61441028 -0.15910464
 0.36754133 0.73581631 0.00254226 0.05492215 0.02983053 0.56470182
 0.6817468 0.93998062 0.67325953 0.11364809 0.78570826 0.30145107 0.59151808 0.82739384 0.55064982 0.48727201 0.44930944
 0.47641181 0.59811236 0.18823112 -0.00718643 0.01655277 0.09523457
 0.59577554 0.28904853 0.25907321 0.1481309 0.20322808 0.68126118
 0.18964861 0.50353735 0.8911997 0.47282244 0.17424254 0.78409506
 0.5536165 0.06188069 -0.00308455 0.54365296 0.19920279 0.25789547
 0.48163909 0.25687611 0.55094034 0.38988362 0.26572683 0.611628
 0.51045007 0.57247948 -0.03455753 0.98643993 0.34264132 -0.0064097
 -0.0028983 0.47349737 0.52766618 0.39269209 0.67368222 0.58861796
 0.47068786 0.05204082 0.41622394 0.67682022 0.91239085 0.11534826
 -0.02537704 0.02464896 0.02239319 0.02325649 0.42775825 0.79688505
 0.10525597 0.35685789 0.23283103 0.55782097 -0.21354731 -0.05108692
 0.04572454 0.82172581 0.94183792 0.0130884 0.0094546 -0.00461052
 -0.0358483 0.17801867 0.4308258 1.01064494 0.38310341 0.67246636
 0.07725836 1.00774822 0.17543731 0.13621958 0.75721081 0.27902021
 0.05897682 0.09877836 0.05421981 0.41416821 0.42876183 0.90892249
 0.88871535 0.62438302 0.52343735 5.44213639e-01 9.75803557e-01 8.75541462e-01 5.83440525e-01
 4.86943862e-01 4.88904912e-01 -1.48411093e-03 5.56361069e-01
 8.31007572e-01 -5.91276820e-03 -5.33633888e-02 6.58147177e-01
 4.48668516e-01 8.93375646e-01 8.62478141e-01 8.79786876e-01
 8.65875213e-01 2.25530230e-01 2.43141190e-01 3.64826427e-01
 6.59555690e-01 7.86282184e-01 1.16900443e-01 2.88310931e-01
 3.54904489e-01 2.29441831e-02 -4.81681262e-03 3.61412041e-01
 6.80938567e-01 6.60108808e-02 5.19484756e-01 6.72506675e-01
 5.59221917e-01 2.15290815e-01 2.45820152e-01 4.66906625e-01
 6.82822136e-01 9.48167306e-01 4.80281020e-01 1.15643543e-01
 4.47862834e-01 -1.24320820e-02 -4.08306994e-03 4.68532222e-01
 6.24547468e-01 8.99074300e-01 6.49708580e-01 2.87881945e-01
 3.04941809e-01 1.46742741e-01 7.61898109e-01 7.11320590e-01
 3.24762191e-01 4.29988724e-01 -2.21146954e-02 5.46771517e-03
 1.52832927e-02 6.44182060e-01 6.62213790e-01 6.21939936e-02
 7.71106436e-01 6.71676755e-01 3.32848144e-01 9.46724019e-01
 3.18056913e-01 9.31177419e-01 3.52220667e-01 9.50493579e-01
 6.59346653e-01 -4.20485290e-03 8.60465844e-03 1.18811199e-02
 5.55257190e-01 4.86988356e-01 5.21849196e-01 8.66987724e-01
 8.23331398e-01 3.74000004e-01 6.47820242e-01 -6.11500882e-02
 2.68139081e-01 6.68280917e-01 7.59414071e-01 3.30750707e-01
 7.32316538e-03 -1.28696887e-02 -3.21026569e-03 3.63163661e-04
 4.72491275e-01 9.92024851e-01 2.82098470e-01 2.48555667e-01
 4.98849551e-01 5.31571528e-01 7.91347201e-01 8.75167456e-01 1.38120289e-02
 9.50540328e-01 8.37019551e-01 2.83840232e-01 2.23695886e-01
 4.67488448e-01 5.36026948e-04 -1.95566996e-02 3.93433790e-01
 8.48381865e-01 7.34997561e-01 7.61380732e-01 8.28773874e-01
 3.34988667e-01 -2.31569379e-02 2.44842138e-01 6.71814919e-01
 2.04553015e-01 1.51979479e-01 3.09487320e-01 2.32907338e-01
 2.48422073e-01 3.41201823e-02 -5.54508994e-03 4.52588062e-01
 6.46990164e-01 6.65700023e-01 3.29921699e-02 9.33383822e-02
 6.81355458e-01 -4.05659801e-02 2.55172799e-01 2.50715442e-01
 7.76738961e-01 8.18638140e-01 1.68990726e-01 1.80113962e-01
 2.18495487e-01 3.14580457e-03 1.74285650e-03 6.14498382e-01
 1.26128354e-01 8.11993756e-01 7.29073638e-02 4.84449487e-01
 2.60101669e-01 6.01360158e-01 6.41654983e-01 8.51016306e-01
 9.57108318e-01 6.83640213e-01 -2.40448167e-02 1.79502625e-02
 7.30626764e-03 4.19530714e-01 6.48192412e-01 7.91184268e-01
 6.73028690e-01 3.23989159e-01 9.20037216e-01 5.62079967e-01
 1.03301876e+00 4.97604421e-01 9.18462597e-01 5.79062618e-01
 4.17750053e-01 -5.14231602e-03 7.27361224e-03 1.19547835e-02
 6.30796579e-01 9.13867136e-01 3.93151656e-01 7.01169575e-01
 2.54558946e-01 3.93570531e-01 5.78224860e-01 8.64880101e-01
 2.32040852e-01 4.59981766e-01 1.71139276e-01 7.72051981e-01
 -1.53109310e-03 8.79543966e-01 5.32120196e-03 9.38870925e-01
 5.80754045e-01 3.61051320e-01 4.43358066e-03 4.81170710e-01
 8.78097304e-01 9.21035750e-01 1.26559041e-01 8.76406395e-01 9.14811632e-01
 8.20792215e-01 6.32754568e-01 7.36127473e-01 5.12693800e-02
 5.62767126e-01 -2.11151712e-04 -1.21733922e-02 8.60046204e-03
 4.39392865e-01 4.66076382e-01 1.76618531e-01 7.09928245e-01
 8.94053913e-01 -5.91252528e-03 1.66453618e-01 5.04071963e-01
 4.27649789e-01 8.94623151e-01 1.25126630e-01 7.11131007e-01
 2.00876079e-01 5.91106726e-02 1.31226423e-02 9.36207701e-02
 3.05793703e-01 1.59290233e-01 4.50616449e-01 3.22009216e-01
 4.04403811e-01 4.32597906e-01 1.20710071e-01 5.85257242e-01
 6.10012942e-01 5.85702798e-01 9.92894370e-01 4.61096179e-02
 8.40470946e-02 -4.15812934e-03 7.74672864e-03 5.39176772e-01
 6.44846500e-01 7.54459621e-01 1.11782069e-01 5.06889407e-01
 1.92121603e-01 -1.43965008e-01 6.77808643e-01 5.65732982e-01
 1.04181824e-02 6.03348324e-01 -8.31925428e-03 1.84268228e-03
 1.51906387e-02 8.97523260e-01 4.82839856e-02 2.55956462e-01
 4.63669842e-01 5.05763819e-01 -7.78417065e-02 5.33740127e-01
 -5.16709148e-02 6.68606445e-01 2.70033814e-01 2.11459653e-01
 6.49487866e-01 -6.08409358e-03 4.96882770e-03 7.58752340e-03
 8.38645987e-01 4.07825023e-01 8.48184432e-01 7.97275348e-02
 7.89442488e-01 8.97728033e-01 1.60368052e-01 7.94767750e-01
 1.08186865e+00 7.06715281e-01 1.96117638e-01 3.22520640e-01
 6.16948087e-02 1.08926484e-02 4.08922324e-04 1.60115528e-01
 4.89967676e-01 1.30592803e-01 1.23427572e+00 4.37025371e-01
 1.12169448e+00 1.96431713e-01 2.80414219e-01 9.02545489e-01 2.41715551e-01
 5.92269626e-01 3.12813403e-01 3.65357175e-02 8.35987187e-01
 3.34096201e-01 5.89177443e-02 -6.70816873e-02 6.41634751e-01
 2.39655252e-01 5.62749298e-01 1.02486740e+00 6.97307453e-01
 5.69921324e-02 -1.98521524e-02 2.50846955e-01 6.77276598e-01
 1.04183630e+00 5.79872323e-01 2.67480282e-01 9.06618094e-01
 1.23122241e-01 3.22610148e-02 1.51708937e-02 6.02751139e-01
 8.51455197e-01 5.97068055e-01 1.63963956e-01 2.84802026e-01
 4.60706047e-01 -6.56294703e-02 2.40352327e-01 1.98543097e-01
 6.07873834e-01 8.98852522e-01 6.95698539e-01 3.62961441e-01
 8.32891548e-02 9.40494994e-03 1.89750447e-02 5.29707853e-01
 1.31278269e-01 9.22065009e-01 7.30800553e-01 7.74944159e-01
 7.43827161e-01 7.83912878e-01 8.05118776e-01 6.30939697e-01
 3.41916175e-01 2.81554719e-01 -1.54863388e-02 3.81840706e-03
 -8.10943079e-04 7.56738521e-01 5.74653310e-01 7.81648414e-02
 4.72300355e-01 4.01269710e-01 7.51203618e-01 7.37788767e-01
 2.24216706e-01 8.83278424e-01 6.59224596e-01 9.69852103e-01
 1.88258623e-01 -1.41243992e-02 7.77343774e-03 7.82672589e-03
 6.55952152e-01 9.63769852e-01 1.23394016e-01 7.62952451e-01
 1.49274623e-01 4.37001824e-01 8.49676948e-01 1.87751554e-01
 6.24064643e-01 5.95904526e-02 1.87797589e-01 4.13973911e-01
 4.08669946e-03 5.20741270e-01 1.77976607e-03 5.06001574e-01
 1.85261219e-02 5.28511250e-01 6.81664158e-03 9.25449343e-01
 2.92190440e-01