0.0695657 0.59806353 0.50819983 0.39896828 0.5351175 0.47531454
 0.5007772 0.20962573 0.20560271 -0.01855312 0.23636831 0.33249614
 0.24592886 -0.10243829 0.47506657 0.13889346 -0.11951897 -0.15730962
 0.15534185 0.7521459 0.72176658 0.31886294 -0.6949016 0.90688589
 1.27678409 0.62287444 -0.06277715 0.09419245 0.40063621 0.92760083
 0.12336785 0.36045051 0.7198941 0.89338737 0.8466752 0.29375925
 -0.07567151 0.05087028 0.09798218 0.09177574 0.28059079 0.1098632
 0.5091116 0.71095868 0.85708885 0.49961367 0.6890598 0.04249149
 0.73690003 0.73876113 -0.04517529 -0.21410405 1.22242666 1.2341532
 0.26711564 0.31969352 0.2504433 0.75693957 1.46683556 0.48391265
 0.13889044 -0.18262775 0.36728996 0.48252869 0.32099037 0.80218161 1.02921284
 0.81078168 -0.02670946 0.29079997 0.21151488 0.75999296 0.26051427
 0.71223365 -0.05062802 0.60940168 0.42797652 0.78094774 0.77378677
 -0.11173701 0.32074286 0.65446165 0.27264816 1.14237936 0.8633852
 0.53368059 0.22174971 0.48410359 0.45681838 -0.13760735 0.74241032
 0.5935363 0.24695314 0.30904888 0.63604797 0.93184966 0.2410835
 0.29184756 0.92529193 0.89599238 1.05711043 0.88893533 0.65616654
 0.37390768 0.37322911 0.34104558 1.28169508 0.3619176 0.5297262
 0.55371341 1.07408083 0.44541095 0.3287822 1.00609138 0.86344675
 0.12953741 0.93403002 0.26456461 0.40859373 0.93724522 0.30457866
 0.56144836 0.46305017 0.53874331 0.7669111 1.03356709 0.56809166 0.83219961
 0.44075441 0.80855747 0.00202984 0.36552111 0.4751337 0.26461579
 0.44918095 0.36939395 0.88249094 0.01471794 0.79326098 -0.20453087
 0.49255739 0.56483787 0.66651263 1.24719463 1.57054899 1.56039024
 1.42957874 0.18396369 0.83973906 0.71424802 -0.00482328 0.01009359
 0.33981818 -0.1410258 0.86565263 0.49019631 0.58063741 0.84883823
 1.04541518 0.99232692 1.57233224 1.57574831 0.40311996 0.86942105
 0.29227813 0.515601 1.08013502 0.65330248 0.73819133 0.50127081
 -0.29955926 0.75904726 1.1861119 0.64220913 -0.00554327 0.03615169
 0.00277469 0.21519347 0.8986191 0.98175363 0.55707464 0.72619313
 -0.11854234 0.28320829 0.86219055 0.30429251 0.2133342 0.38945049 0.64243199
 0.77309978 0.36841188 0.01652502 0.50885837 0.40730215 0.68818544
 0.40017745 0.8046708 0.80178649 -0.01068465 0.09380856 0.93881744
 0.56983573 0.35185243 0.90679533 0.73070732 0.09328968 -0.03873628
 -0.06609563 0.50684815 0.20438578 1.00775445 0.445977 0.56855103
 0.75972524 0.65462672 0.24809545 0.44493192 0.90585562 0.46778809
 0.45273925 -0.54160728 0.82526637 0.74916805 0.56836133 0.53373285
 0.59652856 0.50598791 0.41687573 0.51920299 0.71406691 0.20030429
 0.42398366 0.11978449 0.28301064 1.18617554 0.484981 -0.18094553
 0.55466349 0.38501118 0.8046704 0.62081206 0.58304222 0.58416452
 -0.05216219 0.30963509 0.12640494 0.24346706 0.9819801 0.52611052 0.20784367
 0.18867366 0.90363791 -0.00805561 0.60747624 0.11486885 0.53297654
 0.34347143 0.39226136 0.27002148 -0.01992501 0.93878898 0.48871297
 -0.38674852 1.04867678 0.29294688 0.15531071 -0.128683 0.18402719
 0.16924455 0.09895225 0.10536378 0.2732442 0.24501122 0.76933292
 0.19849929 0.63440273 0.45209803 0.4160004 0.76107914 1.15537554
 0.14111559 0.79619965 -0.21027927 1.43429963 1.11766949 0.77810788
 1.00649184 0.60059541 0.58006404 0.01734422 0.20254831 0.95790879
 0.97297661 1.23849754 0.24800304 0.39454849 0.23095025 0.08707889
 0.17032569 0.65430046 0.07364312 0.06190191 0.74806349 0.47528497
 0.85920767 6.11358851e-01 -6.60903854e-02 1.15074360e+00 3.94363533e-01
 -1.57739740e-02 4.31273941e-01 -1.48836148e-01 2.76180705e-01
 -5.33951395e-04 1.61916614e-01 3.14004370e-02 7.54684218e-01
 2.35109473e-01 8.43660565e-01 3.33599914e-02 -2.12968334e-03
 1.18891513e+00 1.27681835e-01 9.50106305e-01 2.42423455e-01
 4.40492383e-01 7.69141738e-01 7.86556431e-01 4.63701196e-01
 -5.76838065e-03 -2.57255839e-02 5.42766757e-01 8.15074738e-01
 2.64337393e-01 1.63465718e-02 1.81297376e-01 8.78959945e-03
 6.08697029e-01 4.55947832e-01 8.38883902e-01 3.27221776e-01
 1.03390736e+00 4.29959353e-01 6.67329589e-03 -1.97312703e-02
 -2.53983116e-02 6.73042523e-01 1.61377876e-01 1.55422155e-01
 1.08001616e+00 8.21861058e-01 -2.32139176e-02 -7.49989726e-02
 2.28022201e-01 1.58499648e-01 7.19764809e-01 1.08369810e+00
 1.14755274e+00 7.94968849e-01 8.29883297e-01 7.79651666e-01
 1.19622034e+00 -1.57673095e-01 8.14559035e-01 4.01501710e-01
 5.01317926e-01 -2.43943288e-01 5.06903893e-01 2.20529667e-03
 7.20298608e-01 1.91291946e-01 2.22272343e-02 -4.32114352e-02
 8.68855163e-01 6.97892352e-01 8.47514891e-01 9.49948625e-01
 6.91177014e-03 8.40781513e-01 -8.74246039e-02 9.00175546e-02
 9.59783314e-01 0.31129821 0.91726681 0.4758707 0.78509072 0.81433284 0.83607953
 0.3191332 0.25678712 0.18858911 0.41803305 0.62712314 0.57327972
 0.94907426 0.34565758 0.84173859 0.14604197 0.27464164 0.11392355
 1.03471406 -0.06997578 0.42732702 1.05717595 0.33488692 0.72064486
 0.15453001 0.20501154 0.30879031 0.4794917 0.77262883 0.80670388
 0.47110948 0.11329873 -0.20365096 0.12452489 0.75176364 0.34098132
 0.40989476 1.02274346 0.39874795 1.0372697 0.09329907 0.09466772
 0.44939949 0.32069883 0.71475776 0.08269652 0.30176962 -0.03989642
 0.24419163 0.67594402 0.81090442 0.37709381 0.58199892 0.82432808
 0.95489352 0.04120411 0.10982772 0.67946718 0.42413644 0.19689834
 0.3939018 0.45239021 0.62035973 0.05416193 0.46874324 0.62889562
 0.52295794 1.03835355 0.52899708 1.13849361 0.92453141 0.22117247
 0.75443528 0.00832761 0.77897875 0.12218814 -0.49805382 5.73700371e-01 1.28921446e-01 9.92750393e-01 2.11115000e-01
 5.09595205e-01 1.85553443e-02 3.58709450e-01 6.38961579e-01
 -5.37850183e-03 2.35120623e-01 3.99311985e-01 3.37036070e-01
 5.04423318e-01 4.93813348e-01 5.28092987e-01 -1.52423813e-02
 -7.43648323e-02 6.75777903e-01 7.61092725e-01 4.42456077e-01
 1.70695504e-01 2.74228771e-01 2.28542767e-01 9.95146077e-01
 1.42765194e-02 7.35412955e-02 3.94785713e-01 5.86473658e-01
 5.52096996e-02 5.85229803e-01 6.75801764e-01 8.59905979e-02
 2.92539694e-01 2.80896713e-01 3.56927384e-01 6.47980580e-01
 3.64715369e-01 5.97824529e-01 -2.48968086e-02 -1.26388608e-02
 1.10386507e-03 1.65591013e-01 5.47021278e-01 8.37000167e-01
 5.33267948e-01 4.40591180e-01 4.75708715e-01 1.03055466e+00
 7.48439934e-01 8.69289046e-01 8.79234116e-01 6.28696588e-01
 6.61093247e-01 7.98813099e-01 1.33295258e+00 -2.02348968e-01
 1.07416251e+00 5.81800511e-01 2.20524903e-01 1.62452551e+00
 7.32766089e-01 1.39442339e-01 -1.14830117e-01 5.73482424e-01
 6.41485075e-01 8.99482773e-02 7.63483711e-01 7.45981298e-01
 -4.79603379e-02 1.84418170e-01 -7.90932186e-02 6.74682230e-01
 8.77945156e-01 1.29694564e-01 2.63466602e-02 4.01583014e-01
 3.05048131e-01 4.81053684e-01 9.62984251e-01 1.78130010e-01 7.01361906e-01
 6.91907466e-01 8.93395299e-01 2.47811485e-01 2.35535486e-01
 6.91803287e-03 4.51393011e-02 4.30509923e-01 8.54932694e-01
 7.75335480e-01 8.01691328e-01 6.11516822e-01 -4.68253300e-04
 -2.85011770e-01 7.24774336e-01 -2.19410348e-01 2.90396626e-01
 2.81850952e-01 9.56583821e-01 4.17683935e-01 5.19848508e-01
 -1.02558086e-02 1.82738044e-02 3.64107413e-01 7.27015886e-01
 8.56471145e-01 7.52591523e-01 5.95663750e-02 1.54429794e-02
 8.79943816e-01 -2.37063194e-01 5.97258009e-01 8.64399133e-01
 -9.73516336e-03 1.19514837e+00 1.56931343e+00 1.54856917e+00
 -1.15115743e+00 1.27808047e-01 6.57438554e-01 1.08293032e+00
 2.11159733e-02 7.15985343e-01 4.87294467e-01 2.39187001e-01
 2.66165122e-01 2.99741960e-01 4.50601112e-01 2.31510444e-01
 1.02215554e+00 2.77428800e-03 2.37014395e-03 3.27600305e-03
 6.62047839e-01 6.55334793e-01 4.48129305e-01 2.14288232e-01
 -1.73239668e-01 4.38829834e-01 6.69575688e-01 5.85152015e-01
 6.71108943e-01 9.93000700e-01 1.07220164e-01 3.42128968e-01
 1.57341208e+00 5.82137864e-01 1.57061650e+00 4.30452186e-01
 2.48647639e-01 9.12858438e-01 1.80824775e-04 8.65893914e-01
 5.37314111e-01 7.92283284e-01 3.68468602e-01 4.22643469e-01 2.93059282e-01
 6.06372464e-01 1.72028306e-01 5.18025759e-01 3.55442748e-01
 6.80317457e-03 1.00682129e+00 5.64675852e-01 1.41753583e-01
 2.04433273e-01 9.27206079e-01 2.47120572e-01 6.41824593e-04
 -2.93393709e-01 8.46222767e-02 -1.38756183e-01 6.71743574e-01
 2.08297259e-02 1.34172153e-01 1.13373007e+00 5.74777550e-01
 -4.10376920e-03 4.66127359e-01 9.98556331e-02 2.74353198e-01
 3.04706131e-01 2.18090358e-01 2.91770803e-01 1.98810181e-02
 8.55172763e-02 1.52734330e-01 7.50301270e-01 9.02188755e-01
 3.23219505e-01 6.56264676e-01 1.20030348e-02 -1.77006100e-02
 -1.89908921e-02 9.10032051e-01 6.33620976e-01 1.93945482e-02
 3.17275488e-01 9.30730556e-01 7.73359978e-01 1.69941827e-01
 5.03823852e-01 5.98030844e-01 5.73478144e-01 9.88694170e-01
 6.35741757e-01 -5.48445867e-01 7.75145133e-01 9.29350132e-01
 7.45174744e-01 1.36885356e-01 6.98695635e-02 7.63869112e-01
 7.18468840e-01 -2.79222482e-01 1.14064710e+00 6.89152799e-01
 3.14702849e-01 5.69902225e-03 4.65019637e-01 2.83089621e-01
 6.60985330e-01 4.94559786e-01 1.15530384e+00 1.51687380e-01
 3.30767102e-01 4.54957149e-01 9.45585418e-01 7.82104961e-02
 1.87312324e-01 0.15468799 0.79688938 0.86643121 0.00969015 0.82223225 0.4043455
 0.50128449 0.57791821 0.76151312 0.005327 0.03643125 0.34068873
 0.17187762 0.13830991 0.78373464 0.25680261 1.03620961 0.57107932
 0.34044266 0.34087067 0.9326467 0.78555561 0.31547153 0.64169142
 -0.09230822 0.11233912 0.04512174 0.66885008 -0.0033176 0.16845198
 0.53670638 0.81772257 0.41637396 0.64310169 0.38276274 0.59259909
 0.49640407 0.85630385 0.19018002 0.075553 0.53433557 -0.02040849
 0.06129693 0.48937698 0.797079 0.60955493 0.84606108 0.14096253
 -0.02431572 0.55446236 0.80529119 0.95296973 0.37323382 0.4637573
 -0.02917262 0.03320934 -0.0171587 0.4219093 0.52603741 0.26478975
 0.55906944 0.27425147 0.14359985 0.67843307 0.72149095 0.08906926
 0.7525979 0.39278266 0.72385767 -0.00522842 0.01331601 0.07718225
 0.89467823 0.83865464 0.39915929 0.37982245 0.97485582 0.88025493
 0.43860952 0.04685265 0.52914129 0.4090688 0.58493754 0.24842546
 -0.01205473 0.36643586 0.03559054 0.87204291 0.36906937 0.01365107
 0.04665872 0.04777084 0.97665787 3.66149332e-01 9.80984115e-01 5.87173971e-01 1.48936306e-01
 4.29010088e-01 8.86475704e-01 6.33878791e-02 3.07445196e-01
 -4.06676272e-04 2.40739521e-01 1.89004512e-01 9.61445505e-01
 3.09988945e-01 4.36791630e-01 5.95514490e-01 -9.67238780e-03
 7.35231345e-01 1.15588552e-01 4.94126554e-01 2.96815801e-01
 3.30860682e-01 3.30620829e-01 8.23477044e-01 2.01276982e-01
 1.41876635e-02 4.67069976e-01 2.05042273e-01 7.07669671e-01
 9.01356671e-01 4.50619241e-01 5.51949527e-01 -8.06775052e-03
 2.71136071e-01 -5.04450033e-02 5.17513295e-01 6.26728801e-01
 1.92810736e-01 1.34080415e-01 1.12575505e-01 4.67379088e-01
 -1.24146956e-02 5.48297381e-01 4.53639374e-01 7.71936009e-01
 4.22378780e-01 8.58988109e-01 4.85640800e-02 2.03425312e-02
 -1.46834532e-01 2.80817263e-01 2.63101692e-01 2.03619696e-01
 1.21810253e-01 8.47400359e-01 -5.89328686e-03 -7.70192694e-03
 1.52178672e-02 8.10544378e-01 3.92687452e-01 3.97035188e-02
 3.77729795e-01 9.15592393e-01 8.73531415e-01 1.07526399e-01
 6.20881723e-01 3.79468319e-01 9.23905643e-01 8.91772796e-01
 9.22097358e-02 8.56879974e-01 6.71212008e-01 8.30025588e-01
 1.08972018e+00 9.75298891e-01 -1.28733951e-02 -4.97315084e-02
 2.15911421e-01 -1.34302616e-01 -1.14019012e-01 3.66791202e-01
 3.80659285e-01 1.26470362e+00 8.16973453e-01 3.15087012e-01
 7.13031748e-01 9.12392268e-01 6.65375951e-01 8.82355762e-01
 2.93710591e-01 2.72099979e-01 3.05302924e-01 9.47527812e-01
 3.73360850e-01 7.61270796e-01 7.99469771e-01 3.75960992e-01 8.59551671e-01
 9.88211150e-01 4.40502508e-01 8.54295802e-02 9.83700692e-01
 1.12942216e-01 -2.81736802e-02 8.64894535e-01 -1.21839649e-04
 4.32785441e-01 -4.79763205e-02 -3.48735677e-02 2.00493921e-01
 1.15630972e+00 4.79635142e-02 1.77857189e-01 3.47611029e-01
 2.51313044e-01 7.22428953e-01 2.65109777e-01 9.18138295e-01
 1.17520824e-01 5.48449047e-02 7.50127154e-01 1.83460881e-01
 2.41392347e-01 1.88322112e-01 9.69238700e-01 2.73001761e-01
 -3.49395637e-02 8.16629966e-01 9.75642276e-01 3.96243146e-01
 1.78442624e-01 2.57157981e-01 5.80446943e-01 1.04307103e+00
 4.86500046e-02 1.98062548e-01 1.82522226e-01 1.53279739e-01
 7.40823697e-02 4.75816445e-02 9.83535093e-01 1.92629496e-01
 7.68330067e-01 2.94807693e-01 2.00283709e-01 5.18884298e-01
 3.27378667e-01 7.10094083e-01 9.18506189e-01 8.36389336e-01
 6.34772306e-01 9.57668613e-01 2.94044191e-01 4.98172857e-01
 7.12456861e-01 -4.25888715e-02 4.96853065e-01 7.65578513e-01
 5.28193791e-01 -4.17635866e-02 7.71120424e-01 5.72208458e-02
 9.67299823e-01 1.55549577e-01 1.55563854e-01 -4.81959660e-02
 6.02663709e-01 5.60380395e-01 7.91125543e-01 4.96236386e-01
 5.57911202e-01 -1.58283173e-01 4.00394361e-01 8.88311863e-01
 7.81929482e-02 6.94041484e-01 9.67239578e-02 2.77295281e-01
 1.33411567e+00 1.22655165e+00 1.29227737e+00 2.51717999e-01
 7.31166479e-01 6.56410581e-01 6.76863185e-01 9.33728947e-01
 3.82173310e-01 0.437979 0.15978467 0.90862265 0.42644598 0.85454788 0.28317957
 0.78593528 0.03719916 0.77959257 0.00833484 0.0516673 0.32637792
 0.58239426 0.27845722 0.02668457 0.1252643 0.95140791 0.10098406
 0.26064377 -0.14636986 0.88758268 0.77042846 0.09724682 0.1900705
 0.32123952 0.13671416 0.04453874 0.43207763 0.61412139 0.96014137
 0.80205111 0.39420678 0.00193035 0.00872716 0.36650901 -0.13040401
 0.30532155 0.72536342 0.05095378 0.31698515 -0.04370688 0.07499523
 -0.01878389 0.2491325 0.24848536 0.37242453 0.57641704 0.56725812
 0.15557084 0.81985615 0.92128319 0.54257438 1.02482121 0.7504278
 -0.0053734 0.01454313 0.01791368 0.69111908 0.88874673 0.557012
 1.00509141 0.1389797 0.25052051 0.08754841 0.82824053 0.77506887
 0.150074 0.00518448 0.20729367 0.01277431 0.48131746 -0.1820094
 0.38068014 0.59164406 0.35018005 0.59088224 0.32484812 0.86649084
 -0.09736221 0.49712176 0.71172641 0.49623683 0.3511209 0.86468003
 0.0273835 0.28115008 -0.00266102 0.10766841 0.06088618 0.2805922
 0.38840153 0.92842128 0.25773557 0.37654939 0.09979374 0.38865345 0.96804387 0.70962056 0.53518285
 0.91592024 0.63194323 0.0783703 0.58118834 0.45837912 0.58512337
 0.05925426 0.05825918 0.42727888 0.0072149 0.37286659 0.74186759
 0.19865456 0.15036463 0.1376156 0.19924547 0.94587239 0.56378808
 0.06687391 0.42308649 0.7384356 0.86004372 0.62271387 0.90627043
 0.43900564 0.0908813 0.08638207 0.93143639 0.48702533 0.08979705
 0.63781595 0.64209517 0.17045077 0.66779318 0.02633951 0.36599678
 0.60324868 0.12413423 0.61016848 0.04225145 0.63115064 0.05427937
 0.01446166 0.60310787 0.83649608 0.96224551 0.01639754 0.26505439
 0.13269659 0.02953433 0.00833098 0.60320987 0.79916045 0.24502142
 0.39720247 0.66597 0.45817004 0.38237603 0.56143139 0.01475424
 0.23975213 0.30606434 0.17563589 1.31204059 0.31500666 0.85151155
 0.25907817 0.94386379 0.36958448 0.02962406 0.30139849 0.17254673
 0.24750177 -0.11377396 0.11717648 0.12999519 0.47137654 0.38979945
 1.06993363 0.14283851 0.35482063 0.3151531 0.48588547 0.69517664
 1.00708636 0.59490836 -0.1027744