-7.67522525e-02 1.17524957e+00 1.57076965e+00 3.94468593e-01
 3.31345974e-01 3.72461287e-04 -1.35503543e-03 9.52251991e-01
 6.10142930e-01 7.13668457e-01 1.13099768e+00 5.94222815e-01
 3.13950611e-01 9.23812105e-01 5.88979226e-03 7.58422974e-03
 -3.64709179e-03 2.01303410e-01 1.26938311e-01 1.04210040e+00
 4.11204612e-01 1.38409908e-01 8.67611549e-01 2.97378607e-01
 -2.89376321e-01 3.07179617e-01 2.48755419e-01 2.06952430e-01
 9.35539883e-01 -3.07023025e-02 2.42356406e-01 2.16834893e-02
 8.89209488e-01 8.27487756e-01 5.78929727e-01 -1.91717474e-01
 1.99453242e-02 4.07772733e-01 2.01114262e-01 8.98637720e-01 1.57076400e+00 3.74024372e-02
 3.42938013e-02 3.35913108e-04 -4.52310609e-04 2.34869073e-01
 -4.62846653e-03 2.81075923e-01 6.09867630e-01 2.75600721e-01
 4.67164967e-01 7.12914707e-01 7.85486478e-04 7.67819194e-01
 6.79547601e-05 3.84013111e-01 5.17661576e-01 9.19735309e-01
 9.50324546e-03 4.55062955e-01 3.48484724e-01 -7.47340875e-03
 4.22333472e-01 7.24675960e-01 2.44581512e-01 1.27231132e-01
 5.83276160e-01 -7.52963443e-04 3.37791528e-01 2.99728422e-04
 8.39641445e-01 3.49489074e-01 5.20849323e-02 9.63163755e-03
 5.41193349e-01 3.11883361e-01 3.21912902e-01 3.16416667e-01 1.57100145e+00 9.87234434e-01
 4.13738394e-01 1.42305743e-04 -8.88368382e-05 1.83505047e-01
 3.58680367e-01 6.95986420e-01 5.91369897e-02 2.30413594e-01
 -6.47995715e-02 4.20524251e-01 5.45917615e-05 -3.06668268e-04
 3.38291920e-04 6.67259074e-01 8.84426874e-01 5.00208722e-01
 1.44659654e-01 3.39717876e-01 3.35278665e-01 4.73090417e-02
 2.47565534e-01 4.85640534e-01 8.55160977e-01 2.67356941e-01
 5.39461530e-01 -4.81700718e-03 9.15382299e-03 4.54644298e-03
 8.93595296e-01 3.88387365e-01 4.24034053e-01 6.28283945e-01
 6.75905535e-01 5.67299707e-01 -0.91274147 0.74824588 0.31270113 0.56925947 0.28428697 0.64457459
 0.90747385 -0.12214051 -0.84917697 1.09792863 0.44450615 0.94985322
 0.76050419 0.85770229 1.03209047 0.06548582 0.09418597 0.04056767
 0.48527501 0.14651567 0.90891905 0.76411428 1.03045524 0.72246341
 0.77589612 0.99016743 0.8477928 -0.01604067 -0.03575866 1.60774767
 -0.22023454 1.55342776 0.59405839 0.0388959 0.20346665 -0.02526053
 0.95980642 0.67604021 6.79054357e-01 3.90402172e-01 1.57080030e+00 5.21201456e-01
 3.44885806e-01 -4.88528878e-04 4.63314780e-04 4.80669179e-01
 -2.40266057e-03 4.11668656e-01 2.34688902e-01 -2.19187443e-02
 9.68171858e-01 7.88052151e-01 4.37398149e-04 3.27042088e-01
 1.86456580e-04 1.64553590e-01 1.40870579e-01 1.12571854e-01
 1.43920267e-02 4.54209304e-01 7.28656117e-01 -1.64082221e-03
 2.83601132e-01 6.01065809e-01 8.41141912e-02 8.44721117e-01
 7.79752059e-01 -1.77651307e-03 3.74198181e-01 -2.31675570e-03
 6.56331861e-01 7.44169774e-01 5.82165006e-02 1.61344237e-02
 3.39243425e-01 6.36188585e-01 7.81613976e-01 1.70913320e-01 1.57061546e+00 7.40786434e-01
 1.45300992e-01 -7.30365468e-05 -4.00442482e-05 1.70582665e-01
 8.15592674e-01 7.70651241e-01 1.57069617e+00 6.10820833e-01
 2.80074414e-01 2.19576710e-06 -2.63477029e-05 8.35558806e-01
 2.78421162e-01 1.00384898e+00 6.53713535e-01 4.52513266e-01
 5.65349452e-01 3.97183793e-01 6.24559115e-05 -1.00643929e-05
 -5.64745666e-04 3.86078262e-01 6.32080171e-01 1.12909590e-01
 7.99796635e-01 4.08734187e-01 5.37829630e-01 3.11215106e-01
 2.79101486e-01 8.95782142e-01 2.60443719e-01 2.45311746e-01
 2.90831291e-01 1.06513546e-04 3.78077246e-01 -7.51792469e-06
 6.70560062e-01 5.19088782e-02 4.36454017e-01 9.09383853e-03
 5.87627064e-01 9.66443088e-01 1.56026252e+00 1.43495835e-01 9.20825300e-01 2.06695902e-01
 -1.14083728e-01 1.24053980e+00 9.77457686e-01 1.16726372e-01
 1.56176165e+00 9.30899247e-01 1.04364825e+00 -4.78577747e-01
 3.04508566e-03 1.49200437e-01 1.99027643e-01 -6.34717935e-03
 3.97161105e-03 7.31556624e-02 5.80704070e-01 2.74041778e-02
 6.14315169e-01 2.55501014e-01 1.57071580e+00 9.79151347e-02
 1.57203965e+00 -3.21760811e-02 2.82706505e-01 8.65321952e-02
 5.44274098e-01 8.23413200e-01 -7.52074369e-02 -1.29156868e-01
 5.83465824e-01 6.01151468e-01 8.34071089e-01 1.79420118e-01
 2.07554197e-01 4.89200855e-05 7.49129830e-03 4.00696645e-03
 6.21286791e-02 1.69164961e-01 9.30025220e-01 5.37801967e-01
 7.21327320e-01 9.20507038e-01 7.92005406e-01 5.30005383e-01 1.57095898e+00 7.75822853e-02
 -1.87129918e-01 2.75755345e-04 -8.63964720e-05 3.76539390e-01
 -2.64015517e-02 3.64450151e-01 1.57079922e+00 1.94252124e-01
 8.94947992e-01 1.38238367e-04 -4.37962638e-05 7.96660689e-01
 6.32718814e-01 1.58083321e-01 6.73481495e-01 7.62822962e-01
 -6.78909938e-02 -6.23167978e-02 -6.56101726e-05 3.88552531e-04
 1.15070804e-04 5.12339267e-01 2.75677651e-01 6.35017461e-01
 1.20474735e-01 8.13291746e-01 3.44721467e-01 7.10800126e-01
 2.01588057e-02 7.53900719e-01 5.36909543e-02 5.88712365e-01
 6.54361017e-01 -3.52299671e-03 2.38499812e-01 7.18583308e-05
 6.01213960e-01 4.72023709e-01 7.48885795e-01 3.13536231e-02
 7.56567236e-01 5.23739218e-02 5.08799681e-01 -6.10215504e-02 1.57276583e+00 6.57044393e-01
 1.17794140e+00 -1.30832481e-03 6.50468310e-04 9.53319624e-01
 3.84946668e-01 4.01083960e-01 1.57094815e+00 2.60892936e-03
 5.10758497e-01 -3.23816841e-04 -5.94070889e-04 5.35789676e-01
 9.06373568e-01 1.08288786e-01 8.46186283e-01 1.05440942e-01
 3.23271452e-01 -2.78480631e-02 -2.10467259e-03 2.44586542e-03
 1.08222484e-05 2.24097888e-01 3.37963852e-01 4.00460710e-01
 3.94134736e-01 2.68278980e-01 3.83964155e-02 9.38588730e-01
 7.88640877e-01 4.20145146e-01 6.17631464e-02 1.09611211e-01
 6.61884486e-01 2.38333870e-03 3.34397195e-03 3.63651511e-02
 9.25734577e-01 3.63880737e-01 1.04211061e-01 1.31383460e+00
 6.54787254e-01 3.45089270e-01 5.47359373e-01 1.07433675e-01 1.57437702e+00 -3.94065580e-02
 3.82423750e-01 -9.77744451e-02 1.01035985e-01 5.86011241e-01
 2.07605440e-01 2.76767753e-01 1.57008512e+00 -1.76112877e-01
 2.80190476e-01 3.06439947e-04 2.08980092e-03 2.27092874e-01
 3.46994474e-01 9.62603140e-01 9.53303153e-01 1.23976262e+00
 1.20143294e+00 2.88653047e-01 -9.93212653e-04 4.06014387e-02
 1.22975698e-03 4.79482425e-01 8.05171183e-01 9.39210961e-01
 2.48591897e-01 1.11543658e+00 1.35871448e+00 1.48083527e-01
 2.68691565e-01 9.22599571e-01 4.47415484e-01 5.51250179e-01
 3.51577119e-01 -7.35833587e-05 3.37004798e-01 -6.95156517e-03
 9.57696980e-01 3.47994431e-01 3.76774890e-01 1.80678632e-01
 4.85712442e-01 3.93440177e-01 1.6068209 0.08362867 0.46966832 0.56229386 -0.25958098 1.01030647
 0.35125511 0.27360342 -0.06713909 0.24361885 0.32820423 1.07334956
 0.07610809 0.07316468 -0.30739259 0.88745927 1.55894367 0.12613321
 0.24842598 0.41332859 0.30138843 1.06827352 0.22817091 2.71235838
 0.46933876 0.77546817 0.77740053 1.10274835 0.7382483 0.07636807
 1.52059138 1.55385779 1.54307961 0.58298106 0.48714467 0.90405109
 1.02727114 0.59479857 0.49387432 1.02594048 0.87139755 0.85704004
 0.94187414 0.75598096 0.2575488 0.00612474 0.55204551 0.0067809
 0.65815323 0.58142757 0.804451 -0.00874912 0.24629087 0.9623597 2.29558005e-01 6.68364099e-01 1.02289302e+00 2.39226551e-01
 3.52187805e-01 -5.12435929e-02 3.16434957e-01 4.77046232e-01
 -4.39593360e-01 -2.73144175e-01 1.20080800e+00 -3.53769493e-01
 9.71493529e-02 6.22804634e-02 9.20818223e-02 -1.28719899e-04
 -1.29239849e-02 -4.45536297e-01 1.33196083e+00 -6.96239585e-02
 2.59675857e-01 1.80528853e-01 7.38627788e-02 -1.47999890e-02
 5.74631577e-01 6.17000998e-01 1.19170326e+00 6.75237143e-01
 3.08362118e-01 1.20423939e-01 2.60230848e-01 1.54174538e+00
 1.53705118e+00 -4.72655090e-01 -2.90627866e-01 1.04787049e-01
 -1.91244595e-01 5.32874165e-01 7.51222613e-01 9.13244290e-01
 2.20670977e-01 1.00328793e-01 8.28232917e-02 2.48139161e-01
 -1.40018481e-01 1.01240415e-02 5.65153119e-03 -3.97421346e-04
 3.49174287e-01 8.85461237e-01 1.57214262e-01 8.15194773e-01
 4.10615284e-02 6.42341991e-02 3.00924918e-01 -1.79610671e-01 2.55999166e-01 3.46977931e-01
 -1.27787717e-01 1.20128500e-01 9.92506257e-01 -5.64409267e-02
 -1.31833815e+00 1.38237403e+00 1.35939223e-01 3.53132445e-01
 2.89453094e-01 6.06008516e-02 5.82239209e-01 2.49732087e-02
 -1.67776325e-01 3.51341140e-01 2.55836126e-01 6.71582226e-01
 1.11606040e-02 6.43058768e-01 1.03862101e-02 -2.56998765e-03
 5.47276920e-01 -1.27788945e-02 6.22201612e-01 1.52230020e-01
 1.02533515e+00 1.80406512e-01 -1.58983015e-03 7.87552275e-04
 -1.29362690e-03 2.12436260e-01 7.96903976e-01 7.05837004e-01
 9.53374455e-01 2.16997612e-01 5.00834192e-02 3.97952650e-01
 2.00506936e-01 6.60337711e-01 -4.26155221e-01 8.45313260e-01
 2.91634080e-01 1.57054659e+00 1.57282692e+00 1.56892490e+00
 8.80105156e-01 3.23015924e-01 7.25175314e-01 8.75426639e-01
 8.63516197e-01 1.02311632e+00 2.11787697e-01 2.42494180e-02 -5.79642246e-02 1.36043104e-01
 8.92700114e-02 7.55252626e-01 8.03168915e-01 2.03260188e-01
 -6.58676870e-02 8.48221917e-01 -3.71541060e-01 1.02822775e+00
 4.72755452e-03 2.63867893e-01 1.19321964e-01 -6.21103735e-04
 -8.80700133e-02 8.02836904e-01 -4.00902350e-02 7.99524972e-01
 7.37000185e-01 3.65842876e-01 1.58938844e-01 3.66615657e-02
 4.06320025e-01 8.03620962e-01 8.37449438e-01 3.97342645e-01
 3.74777761e-01 4.13699863e-01 -2.75398188e-02 2.06169693e-02
 -2.28199377e-02 6.09516540e-01 3.62792567e-01 2.49877569e-01
 3.81689883e-01 9.38870276e-01 1.10548064e+00 1.65396829e-01
 7.05736633e-01 1.04101734e+00 8.95233485e-01 1.41421954e-01
 1.61771743e-01 1.53082810e+00 1.55937732e+00 1.29482201e+00
 2.50412876e-01 9.09445411e-01 4.37542976e-01 1.34875727e+00
 6.86615228e-02 3.77285831e-02 0.26706144 0.06845269 0.6925239 1.00417006 0.70472433 0.43897832
 0.24961838 0.14948104 -0.43848552 0.01535844 0.62540726 0.69424283
 0.00179703 0.10514009 0.5156153 0.03499439 0.06221254 0.25895787
 0.11138029 1.1318553 0.14817716 0.06354034 0.82776657 0.0057327
 0.65620303 0.19210115 -0.09606388 -0.0481727 0.74227389 0.38231566
 1.56509923 1.57130207 -0.63215727 0.13200747 1.00019674 1.03874117
 1.13649652 -0.0917655 -0.25470201 0.5240114 0.44510673 0.6608886
 0.91391407 0.42937371 0.77633308 0.00460707 0.12365538 -0.00417355
 0.95703446 0.26541094 0.7683071 -0.01613311 0.55086091 0.29670176