3.05962725e-01 5.79560886e-01 1.56984793e+00 2.33731015e-01
 9.05336795e-01 -2.90058778e-03 -7.20236857e-03 8.65961141e-03
 4.94510956e-01 3.23061568e-01 5.98493677e-01 1.80186713e-02
 2.19940446e-01 6.76244657e-01 -2.58003887e-03 -1.07585545e-04
 -1.66212415e-03 9.95077296e-01 9.36739466e-01 6.98452806e-01
 9.55183948e-01 8.41871928e-01 8.47638662e-01 2.66497926e-01
 3.88954408e-01 4.37061900e-01 7.57297330e-01 4.49465142e-01
 7.13206682e-01 -3.60515575e-03 6.96648529e-01 1.61203884e-03
 7.28910518e-01 6.64709032e-02 5.90922191e-01 -2.60138172e-02
 7.47317060e-01 7.72299274e-01 1.57077979e+00 7.42881329e-01 -2.16328872e-01 6.20169939e-01
 9.10228926e-06 2.38443784e-01 5.17815308e-01 -8.64995442e-06
 7.20591672e-01 2.88728923e-01 1.05039724e-01 9.59961893e-01
 1.04307993e+00 7.79768143e-01 -1.16058496e-06 -2.12761694e-06
 1.36049712e-05 7.02448878e-01 3.86349806e-01 2.59265568e-02
 4.55133492e-01 -2.04856388e-01 -1.48701183e-01 2.07822472e-01
 3.00710984e-01 2.11437699e-01 7.98917163e-01 1.45898989e-01
 1.90151077e-02 1.57053956e+00 5.92322324e-01 1.57082955e+00
 7.13982968e-01 8.89413130e-01 9.50030175e-01 3.51315564e-04
 5.55676524e-01 1.02456448e-01 7.97830857e-01 1.42952958e-01 1.57051440e+00 2.69709307e-01
 1.22915599e-01 -9.02445194e-02 8.94027635e-02 4.27567246e-01
 6.20875450e-01 6.21459618e-01 -9.91093626e-02 7.09715354e-01
 4.16288111e-01 3.49553489e-01 4.77512451e-03 -4.72353562e-03
 3.39575449e-03 6.63858774e-01 8.14590806e-01 2.89936413e-01
 1.63203545e-01 5.89713441e-01 1.59193908e-01 3.98825676e-01
 9.22469315e-01 1.45022167e-01 1.01487533e+00 3.59433838e-01
 -4.81129352e-02 4.51776717e-04 6.17571804e-04 4.22433181e-04
 2.41085417e-01 9.08356527e-01 5.06584127e-01 9.34786413e-01
 3.17965264e-01 2.38102881e-01 6.80568104e-01 2.38156388e-01 1.57011301e+00 1.33395253e-02
 1.68616955e-01 -9.54690157e-02 9.84795908e-02 8.41307185e-01
 7.13514208e-01 5.98736379e-01 5.17592257e-01 4.38335558e-01
 1.87857838e-02 -1.31966339e-01 5.04326529e-03 -3.82993447e-03
 2.77498559e-03 1.96006640e-01 6.74112470e-01 2.58636462e-01
 4.28114130e-01 4.70494076e-01 5.61109643e-01 4.62752350e-01
 5.15214164e-01 3.21232159e-01 2.35632887e-01 7.66677758e-01
 3.36546699e-01 -4.30596620e-03 5.39699006e-02 -2.45479943e-04
 2.14833613e-02 5.70660444e-01 5.37918469e-02 2.42552047e-01
 4.53762835e-01 7.96303052e-03 1.04445061e+00 -3.10049774e-02 1.57068045e+00 1.20175039e-01
 4.18583532e-01 -1.89775749e-01 1.89339858e-01 1.22105364e-01
 -4.27172180e-02 2.73205883e-01 -1.45487101e-01 3.71373350e-01
 8.82970425e-01 8.51067715e-01 -4.03848778e-04 1.19840613e-04
 2.65935569e-03 2.19154955e-01 2.58554659e-02 1.83334757e-02
 8.31968467e-01 9.73934113e-01 3.26269151e-01 7.08679367e-01
 4.08440045e-01 8.61663247e-01 4.12002757e-01 1.92296460e-01
 9.71146177e-02 1.21719121e-02 2.86962379e-02 3.13131647e-03
 3.57665822e-01 4.40234335e-01 9.62440950e-01 5.66079683e-01
 6.39787738e-01 4.21179873e-01 0.7054023 0.70391954 0.03895235 0.4435876 1.22579226 1.33080091
 1.08987928 1.39417544 0.6555815 0.44729934 1.5582666 0.73045881
 0.62654717 1.40614652 1.51357421 0.33370783 0.05351181 0.48853387
 1.06867058 1.09167311 1.02415363 0.31872897 0.05161123 -0.11424885
 0.04302747 0.85040456 0.23499089 0.44475229 0.76067987 0.14881372
 0.84115736 0.77743709 0.03843808 0.40091075 0.257708 0.21720969
 0.94005119 0.05665607 0.13992893 0.18415536 0.39675889 0.34471134
 0.43537328 1.26151059 0.53206157 0.61035186 6.87714905e-01 7.40761283e-01 1.57071951e+00 4.73813702e-01
 4.99140969e-01 -4.16930918e-04 5.03933327e-04 3.14335894e-02
 6.19023644e-01 8.69684470e-01 1.57064251e+00 8.35208203e-01
 5.56636043e-01 1.48938477e-04 -1.01331639e-04 1.31598450e-01
 8.55117654e-01 1.69195607e-01 7.75150939e-01 1.20457025e-01
 9.08812948e-01 7.52631025e-02 -1.25975697e-05 1.04662901e-04
 9.48298754e-06 4.76326282e-01 8.64448926e-02 8.10893044e-01
 6.24594445e-01 4.22939065e-01 8.52753802e-01 6.19473748e-01
 7.37502721e-02 5.08041333e-01 8.93993702e-01 2.34112524e-01
 9.72533312e-01 -9.73051234e-06 6.67225276e-01 -2.76446847e-07
 8.09102343e-01 9.60481841e-01 9.77496341e-01 2.97179409e-04
 1.45709256e-01 9.28993426e-04 9.63608760e-01 5.91388322e-01 1.57085536e+00 2.88135654e-01
 6.30298592e-01 -3.49021591e-03 3.92544192e-03 8.55254254e-01
 7.77323606e-02 8.62396120e-01 1.57036748e+00 1.91506999e-01
 6.58802537e-01 8.39798366e-04 -2.83622990e-04 -5.05629744e-02
 7.36427391e-01 6.75786969e-01 9.99245105e-01 5.16923284e-01
 1.21104876e+00 7.17451630e-01 2.86109975e-05 3.44107335e-04
 4.71766285e-05 2.24145875e-01 6.25089316e-01 5.99621707e-01
 1.05367256e+00 4.68803297e-01 4.22368619e-01 1.17671125e-01
 9.91321448e-01 9.61920469e-01 7.18463862e-01 1.02643797e+00
 2.25560447e-01 -1.60899242e-03 1.00911455e-01 -8.47941828e-04
 7.53131385e-01 6.10779320e-01 4.50115539e-01 -6.45666299e-02
 4.24061702e-01 6.20992163e-01 7.49587015e-01 6.13646895e-01 1.56918051e+00 3.07077691e-01
 1.07054688e+00 -3.41015304e-03 5.70526871e-03 4.15143358e-01
 5.00143292e-01 1.26768618e-01 1.56993709e+00 8.73294822e-01
 9.45218118e-01 1.11944129e-03 -4.84393719e-04 -1.57504728e-02
 9.12941269e-01 1.02053587e+00 4.62534277e-01 7.50467012e-01
 8.00779223e-01 7.41775173e-01 -4.33340399e-04 2.96946646e-03
 -6.65124709e-04 9.12506564e-01 6.92438468e-01 8.20588815e-01
 5.81523011e-01 8.79805325e-01 8.08304632e-01 -9.64206708e-02
 1.26776675e-01 1.02235900e+00 3.46502873e-01 4.29743961e-01
 3.23778725e-01 -3.15716330e-04 6.35630829e-02 8.10452978e-04
 1.93445823e-01 5.23966617e-01 2.42306260e-01 2.74036136e-01
 9.25899797e-01 8.67395516e-01 6.93874731e-01 1.91606722e-01 1.57060256e+00 6.82188270e-01
 7.25303849e-02 9.00771566e-03 -8.50256455e-03 -3.54718249e-02
 1.03763258e-01 2.56740321e-01 1.57026351e+00 1.22610537e-01
 6.49589400e-01 -1.18187851e-03 3.83913296e-03 6.83663752e-01
 9.67649816e-01 7.54446043e-01 4.10241563e-01 6.38141686e-01
 8.34041155e-01 7.06471412e-01 -4.05354664e-05 -4.77546232e-04
 1.80691866e-04 7.68915790e-01 4.50029714e-01 -1.28538588e-02
 7.26405809e-01 7.25473045e-01 2.02062418e-01 6.81205109e-01
 8.37940752e-01 1.36435802e-01 3.09080587e-01 9.20236705e-01
 3.92608123e-01 -3.37770928e-05 6.15115888e-01 -3.45476676e-04
 2.07092540e-04 6.94017622e-01 8.08809229e-01 2.58233361e-03
 9.29018378e-01 9.57746612e-01 6.31769032e-01 2.39994689e-01 7.64963433e-01 1.25659337e+00
 3.65517168e-01 1.87924512e-01 -5.78662734e-02 5.61599116e-03
 7.62092586e-02 1.32151253e+00 -4.91838866e-01 4.12091420e-01
 1.78043795e-02 1.72313614e-02 1.91926952e-01 1.87488708e-01
 -1.97231209e-01 1.40080528e+00 -5.24269058e-01 6.45412562e-01
 1.07835913e-02 -1.34690216e-03 -2.56013044e-02 6.38846282e-02
 9.51425207e-01 1.12109102e+00 1.10262898e+00 -1.90069749e-01
 2.11659958e-01 6.71851221e-01 6.55573336e-03 9.53495147e-03
 -1.29398628e-02 3.28427902e-01 3.34065514e-02 9.41789796e-01
 5.68124906e-01 5.60594105e-01 1.08333455e+00 -1.52230755e-01
 6.73443772e-01 6.04313563e-01 4.15958180e-01 4.14921381e-01
 2.30316887e-01 1.99205234e-01 2.58011787e-01 5.71037778e-01
 6.04531100e-03 2.36410955e-01 2.50352782e-02 1.47557392e+00
 1.99490855e-01 3.28663642e-01 5.50610498e-01 2.47519632e-01 2.06951119e-01 1.44881524e+00
 9.36911661e-01 6.47058314e-01 4.18635560e-01 2.90567454e-01
 7.80014990e-01 1.42501404e+00 -1.00336179e+00 4.50706345e-01
 5.84722233e-02 3.58284141e-02 1.55767494e-01 4.93734453e-01
 2.73451360e-01 1.10131913e+00 -3.96318761e-02 7.21247059e-01
 3.65976692e-01 1.98512721e-02 -2.01114649e-02 5.80479884e-02
 7.36854352e-01 -6.02682151e-02 8.22229975e-01 7.18151945e-01
 7.15558986e-01 3.05809937e-01 4.40059546e-02 6.03992495e-03
 4.08687599e-02 5.79781715e-01 2.83566655e-01 6.78801608e-02
 5.77706910e-01 1.78552065e-01 4.64918865e-01 9.65704740e-01
 3.51308079e-01 4.47863842e-01 8.30614681e-01 3.89489238e-01
 7.95880892e-02 3.28931172e-04 5.17392013e-02 -3.17725869e-02
 3.22735862e-01 4.94070668e-01 1.26707355e-01 6.48504553e-01
 3.50823414e-01 8.18380378e-01 8.07930335e-01 6.09315663e-01 1.41613906e+00 4.74407226e-01
 1.31438835e-01 3.88582102e-02 -4.07166841e-02 -4.94813180e-02
 4.74565479e-01 -2.35502108e-01 1.30498706e+00 3.50068979e-01
 3.43969811e-02 -2.98140562e-02 -2.92644331e-03 2.99385713e-02
 -6.46482513e-01 9.82184604e-01 1.34905358e+00 5.66263554e-01
 -1.94559684e-01 1.24234214e-02 -8.17738380e-04 6.86839516e-02
 8.11537584e-01 1.04298159e+00 1.21972977e+00 4.97227116e-01
 5.58594864e-01 8.23383543e-01 2.24341033e-02 3.72002338e-02
 -4.71053274e-02 3.13393903e-01 7.73015115e-01 9.90717932e-01
 5.59292680e-01 7.39225203e-01 8.15554443e-01 3.09534582e-02
 3.47085301e-01 7.87442786e-01 7.06918386e-01 5.23408465e-01
 -1.41162539e-01 4.13658617e-01 4.44836824e-01 3.99734012e-01
 2.01395239e-01 2.14098335e-01 6.65436383e-01 8.39978166e-01
 9.86813907e-01 1.00580083e+00 0.72159155 0.35121342 0.99467657 0.5709297 1.21226973 0.10893266
 -0.09433745 0.93441767 0.11641409 1.3886189 -0.78942057 0.23567139
 0.21291446 0.01737035 0.07906033 0.39546396 -0.11749513 1.44150999
 -0.87956331 0.53141636 0.08721329 0.01845255 0.00741777 0.07933723
 0.2862389 0.58624698 -0.11958925 0.82583683 0.3280805 0.31158423
 -0.02844956 0.02390248 -0.00988246 0.03238136 0.79665457 0.37021503
 0.29688084 0.08042885 0.72506926 0.46576045 0.83549527 0.0525867
 0.80124913 0.19476369 0.76146231 0.01021705 -0.02800876 0.01074195
 0.04445897 0.43347194 0.48083561 0.81628554 0.58230608 0.3720528 2.85594867e-01 4.43923376e-01 1.60526501e-01 5.22890479e-01
 6.82700856e-01 3.21792909e-01 1.36576263e-01 2.87787036e-01
 4.34028079e-02 1.04140567e+00 -8.89882265e-01 1.17766273e+00
 4.46853005e-01 3.71625624e-02 4.34707575e-02 5.33750229e-03
 4.46784001e-01 3.48113369e-01 1.46932137e-01 -3.27919782e-01
 1.64364279e-01 3.52503061e-02 6.55114793e-03 -2.02849046e-02
 1.53804569e-01 -1.12120432e-01 9.74039315e-01 6.36917550e-01
 2.66859665e-01 2.05125721e-01 1.05353387e-02 8.73231039e-02
 2.81929361e-02 7.33072010e-02 2.49883880e-01 3.49675014e-01
 2.05139514e-01 6.36595542e-01 1.24433294e-01 5.69316956e-01
 9.34281624e-01 9.60154602e-01 -5.87864163e-04 4.78366907e-02
 -1.60516781e-01 -2.41962012e-02 1.36202512e-01 4.93493701e-02
 5.15587238e-02 6.46079302e-01 7.78066232e-01 4.91467756e-02
 9.03337039e-02 8.54076503e-01