0.55014366 0.83005684 0.2206676 0.29847291 0.46862289 0.7768889
 0.04914963 0.02009264 -0.08409446 0.37698781 0.62065449 0.63125143
 0.59381887 0.58310255 0.5721321 0.1902596 0.62429663 0.7321559
 0.92340944 -0.07338685 -0.14907225 0.89684046 0.55524987 1.17656342
 0.55162279 0.64846587 0.59993668 0.10848526 0.25969591 0.81008281
 0.74280695 0.13674424 0.967518 0.19728608 0.3949157 0.87146673
 0.65668533 0.40414292 0.58972074 0.73919914 0.61386302 0.56263095
 0.84330776 0.47771946 0.54239564 0.91118957 0.60032226 0.68844887
 0.40426396 0.89215018 0.65866804 0.14796594 0.12816208 0.24214563
 0.44153493 0.9591034 0.82111771 1.15530838 0.17514845 0.78737613 5.20601969e-01 9.10391189e-01 8.06623349e-01 6.18122792e-01
 5.08086786e-01 9.19014132e-01 4.94897421e-02 1.74453870e-02
 -3.51934249e-04 8.93889467e-01 3.51784321e-01 8.03741299e-01
 4.54314773e-01 4.73842226e-01 7.35218738e-02 1.64980432e-01
 -5.45495908e-02 6.19015298e-01 2.13358763e-01 4.80323308e-01
 8.34170489e-01 7.06353971e-01 8.49703703e-01 8.95120451e-01
 4.01195693e-01 4.26075787e-01 8.63814538e-01 8.06740897e-02
 4.37249900e-01 9.79933883e-02 1.09791348e+00 1.24018281e-01
 1.83100946e-01 9.40471865e-01 3.49160945e-01 8.81234993e-01
 9.19547865e-01 7.94011893e-01 9.78285571e-01 2.28951740e-01
 1.31111138e-01 7.72340236e-01 3.77664674e-01 -6.48768997e-02
 4.58845268e-01 2.84485796e-01 6.70731101e-01 1.69088470e-01
 5.88780110e-02 3.13025936e-01 3.11377798e-01 -2.79506716e-02
 6.18473530e-01 -2.37432999e-02 5.67301193e-01 6.23426896e-01
 2.55287048e-01 -3.37776334e-02 1.72850422e-01 5.40995758e-01 0.35931431 0.62001799 0.28187822 0.59596376 0.92643226 0.68484521
 0.06270832 -0.00168566 -0.04536522 0.51784035 0.09855366 0.67818772
 0.63214485 0.73913475 0.69641604 0.13618746 0.33858479 0.73926661
 0.30414268 0.24634786 0.26535632 0.98914884 0.87865965 0.77049724
 0.54008202 0.46382142 0.3416017 0.23710672 1.16356708 0.26841797
 0.04807912 0.93485308 0.54482452 0.24135332 0.87524881 0.55911554
 1.065787 1.18222691 0.87554732 0.6156051 0.21490108 0.07087039
 0.47902318 0.77468333 0.92575839 0.9026772 0.54150658 0.64159495
 0.37310071 0.35914392 0.23045729 0.06615107 0.04408941 0.05761027
 0.76507068 0.6077281 0.91431782 0.70263779 0.92915501 0.63932679 1.94904782e-01 4.00430814e-01 4.95726944e-01 9.35987753e-02
 6.36945426e-01 8.79844691e-01 5.72559995e-02 -4.18306032e-04
 -3.10305792e-02 4.46999745e-01 4.93733612e-01 9.51440336e-01
 1.18798918e+00 8.86356247e-01 1.25874118e-01 7.86966539e-01
 8.84365817e-01 1.41063749e-01 7.75268322e-01 5.73289598e-01
 4.40898211e-01 9.47838749e-01 8.79622430e-01 8.25058319e-01
 8.41229878e-01 7.22051872e-01 5.29908846e-02 5.96742170e-01
 8.54790013e-01 6.95914035e-01 6.93401493e-01 6.43857970e-01
 1.07202501e+00 1.31239596e-01 1.06168777e+00 1.31022729e-01
 6.05156674e-01 3.03939368e-01 7.17352722e-01 6.08302373e-01
 7.39356670e-02 3.80143785e-01 3.55052246e-01 8.56734410e-01
 6.72035138e-01 -3.51721368e-03 2.88021193e-01 5.12290659e-01
 5.00277206e-01 7.63972812e-01 9.40649098e-01 7.12665642e-02
 1.78738857e-01 1.71213781e-01 5.93200947e-01 2.93166750e-01
 5.38491430e-01 9.85743927e-01 8.69012279e-01 9.13503972e-01 0.88871408 0.75273386 0.364559 0.84044756 0.8042454 0.76850032
 0.03802851 0.00997306 -0.10654366 0.27457898 0.16863017 0.91212495
 0.60924601 0.31438476 0.27265591 0.48834617 0.88748461 0.61790462
 1.07190411 -0.54545983 0.62461354 0.84666847 0.44529156 1.31041182
 0.81535944 0.40936246 0.27252991 0.13055245 0.52721566 0.63078514
 0.85999508 0.13336373 1.05807441 0.41854019 0.49706501 0.15666048
 0.40324727 0.38441296 0.42258648 0.89868838 0.81796878 0.63336707
 0.83859647 0.46371111 0.64854695 0.91805607 0.19557566 1.05500525
 0.52737447 0.32770123 0.73411673 0.11165252 0.12413483 0.11713586
 0.21073013 0.36299724 0.41164247 0.8522952 0.29314581 1.0165083 0.44109847 0.57603032 0.08385732 0.90703772 0.2888014 0.71966364
 -0.07562874 0.54534174 1.02773961 0.27248792 0.85091647 1.0931938
 0.26703288 1.35246478 0.69974703 0.56567475 0.51507517 0.84892972
 1.20766985 0.37992274 0.75075397 -0.02440324 0.28295924 1.01296679
 0.33508354 0.05554019 0.2660937 0.09909346 0.78516245 0.06563518
 0.30276748 0.2871227 0.36794075 0.40479014 0.05154201 0.54176748
 0.41086496 0.28701477 0.16901101 0.10050692 0.49572067 0.71679319
 -0.23735101 0.85236636 0.28598784 0.00736249 0.15986629 0.15142642
 0.90915114 0.58272529 0.72511153 1.59354916 1.46096033 1.48494033
 0.59014662 0.26066415 0.44455547 1.05927047 0.17594339 0.59962642 1.02327102 0.78722019 0.10353411 -0.41693094 0.21916836 0.06843927
 0.53506028 1.23310543 0.00511069 0.86433873 0.87815971 1.41360307
 -1.11232294 1.65569756 0.23275128 0.57744308 0.45811809 0.26074388
 -0.12195852 0.97035829 0.04986102 0.11054366 0.05255713 -0.05132202
 0.4934011 -0.07246264 -0.03214084 0.0797978 0.58764153 0.20215089
 0.35647222 0.21700114 0.19423691 0.62705633 0.5502988 -0.03455088
 1.28634016 1.20487207 1.10198345 0.03026525 0.85705766 0.37405674
 0.99252286 0.39357798 0.26308482 0.61274492 0.39398184 0.1697318
 0.34594113 0.53648788 0.37822287 0.269436 -0.01171706 0.01517511
 0.6607421 0.24600763 0.42336224 0.5802209 0.06087716 0.85890235 0.74143019 0.18628867 0.4878791 0.87427434 0.76171131 0.27968384
 0.24394061 0.18680896 1.31090111 0.21894231 1.12090136 0.32085944
 0.93558 0.34183549 0.08255496 0.21332083 0.8190301 0.44398896
 -0.09534176 1.2714888 0.46203104 1.35175943 1.18895515 1.24632595
 0.31730445 0.17983343 0.36015819 0.39969151 0.74820996 0.54431249
 -0.22869275 0.59126337 0.23739502 1.32851161 1.15991278 0.2115695
 0.32849222 0.77270488 0.46959857 0.11891987 0.4385527 0.26733263
 0.9770278 0.72388052 0.33264346 0.78273952 0.62832038 0.4961153
 -0.06790591 0.68233031 0.97212453 0.01685414 0.18250994 0.28482038
 0.36305301 0.77968917 0.14159339 0.96090885 0.94935419 1.23779282 1.23581159 0.11063161 0.78074742 0.87193329 1.19989436 -0.23767151
 0.90001182 -0.16841433 0.39613466 0.54249427 0.92081954 0.09557898
 1.15929752 0.80573537 -0.33387423 0.96617289 0.65657379 0.42733193
 0.6782534 -0.3116506 0.90783103 1.38504391 1.27716332 1.17499593
 0.37536881 0.37768354 0.68077264 0.85496365 1.06279771 0.24680405
 -0.28542558 0.87111008 0.10903005 -0.14965989 -0.09872261 0.33066118
 0.442456 0.05634156 0.30738118 0.63081807 0.92623988 0.96930108
 0.69498689 0.90496353 0.85205033 0.92933461 0.39046491 0.78207452
 1.34554053 0.99421559 1.3783282 0.23674155 0.62025764 0.08216979
 0.45663289 0.16733126 0.07508988 0.18028418 0.42685293 0.3243207 0.56895535 0.48215093 0.71978753 0.19498401 0.0764556 0.08533441
 0.90475297 -0.46793559 1.21217809 0.82392346 0.43287695 1.18396881
 1.0837455 0.78825689 -0.00498828 0.103104 0.28034123 0.89017258
 0.0679984 -0.04660942 -0.15519882 0.03933077 -0.1052938 -0.07756711
 0.01801201 0.44317563 0.92479043 0.0277958 0.6488102 0.47585119
 0.980816 0.24485262 0.28586322 -0.32539661 0.76848834 0.7652488
 1.56729053 0.8182419 1.0041813 0.17648271 0.34313963 0.51254341
 0.43259306 0.75825992 0.56872733 -0.03249945 0.35878421 -0.00954442
 0.99066327 0.16459536 0.97847644 1.65206252 0.69797915 1.57377939
 0.07338703 0.40332951 0.53615907 0.10613614 0.99055926 0.68590428 -0.01541686 0.36885411 -0.11587515 0.31192785 0.53908979 0.68635367
 0.86442864 0.9445785 0.0359433 0.79632376 0.31697607 0.50523589
 1.30466937 1.16181539 0.4729304 0.18670211 1.00445832 0.90949185
 -0.07730199 0.98315535 0.63549646 -0.0668265 -0.15685573 0.19692095
 0.49330379 0.38984064 1.03920831 0.65855229 0.69014291 0.07131176
 1.34653332 0.18074746 0.44864538 0.51006831 0.21231212 0.55004656
 0.08571263 0.44177167 -0.13725202 0.78315338 0.99022007 0.03450418
 0.21264547 0.32710646 0.12563129 0.44587381 0.3671056 0.45871989
 0.00300121 0.46268404 0.59725318 0.0182866 0.82690408 0.06875913
 0.80684806 0.40752303 0.43584878 0.13547797 0.79984312 0.87525375 0.03104169 0.41018905 0.19291605 0.22355213 0.2431487 0.34516206
 0.54391425 0.84496864 0.34257732 0.34664075 0.68201616 0.60357663
 0.3164418 0.20483598 0.5179681 0.09626161 0.86298394 0.52298627
 0.97439629 0.34391646 0.92170635 0.20190501 0.34119675 0.18890588
 0.24869589 1.05255414 0.47224938 0.76745918 0.58392492 -0.00480547
 0.40977382 0.5398197 0.50787153 0.46535947 0.6506987 0.93471744
 -0.11530615 -0.05973249 0.05017444 0.37633217 0.24173019 0.37891742
 0.27249751 0.40190026 0.16989676 1.02032792 0.45806722 1.00576118
 0.2950471 0.69224723 0.64411876 -0.03901829 -0.10249492 0.05905248
 0.99432272 0.04140637 0.04404609 0.57842609 0.89751687 0.62523939 0.28266795 0.80171146 -0.01753642 -0.34836464 0.84568688 0.48609534
 0.03272288 -0.0478793 0.63171159 0.64759876 0.73551354 0.6129131
 0.88390483 1.46953824 0.37986053 0.81316034 0.44560648 0.23034823
 -0.03453472 1.11231945 0.63167409 0.53180164 0.65981645 1.4343965
 0.74186592 0.14651948 0.10561505 0.74555629 1.219724 0.83703145
 0.72958765 1.10820967 1.14851062 0.24003087 0.12582295 0.25141965
 0.79183203 0.083318 0.0370468 0.39627801 0.36364226 0.02823535
 1.09001857 0.17462593 0.85175842 0.90115993 0.52050792 0.6233958
 0.44736598 0.46705966 0.88388292 0.14747378 0.07882099 0.00200182
 0.96757099 0.51705546 0.13249998 0.15121057 0.24863738 0.79568094 4.47330433e-01 1.50202993e+00 -4.86816854e-01 9.09222157e-01
 -3.48328008e-01 7.57510682e-02 1.03294911e-01 2.55469555e-01
 1.11015863e+00 5.20282596e-04 6.83419154e-01 5.88356228e-01
 1.26069389e+00 1.23507619e+00 -4.32245983e-01 -1.24796075e-01
 9.92294069e-01 9.89686798e-01 -4.47268509e-01 -2.87878803e-01
 3.15242667e-01 1.64452393e+00 -4.87050821e-03 4.50944376e-02
 1.20607690e-01 2.35974539e-01 8.06782707e-01 -1.93540945e-01
 2.33194643e-01 6.85501428e-03 6.25844466e-01 2.12351939e-01
 6.00843129e-01 7.05798282e-02 1.99480695e-01 6.84360171e-01
 4.17632154e-03 3.27837895e-02 -1.40290319e-02 1.14782946e-01
 1.54673170e-01 3.83529872e-02 5.27095838e-01 6.12048274e-01
 1.80730236e-01 6.26472606e-01 5.01955253e-01 -1.85554974e-03
 7.41688388e-01 8.78792890e-01 4.76867704e-01 8.61686237e-03
 4.61320530e-01 -4.50035439e-03 8.63870625e-01 9.53166464e-01
 2.80350932e-01 7.13500456e-02 4.15900676e-01 5.24751049e-01 0.4281835 0.28341285 0.70680407 0.3332457 0.39514903 0.56505099
 1.3160103 0.84969223 -0.01007705 -0.60579178 0.69148729 1.15248228
 -0.02680133 0.71042007 0.54345812 0.34446464 0.79431323 0.9141116
 0.38750569 0.62311134 0.40426986 -0.67791169 0.9372841 0.83962534
 0.58874444 0.73456437 0.03567117 0.50956792 0.30573889 0.80126037
 0.32928065 0.79996257 0.54910513 0.88684742 0.90086913 0.24834576
 0.97285259 0.84517423 0.00161263 0.6805174 0.87871361 0.7826174
 0.8603487 0.53446839 -0.0453437 0.53368835 0.11591998 0.75600874
 0.65464352 0.46510288 0.28969407 1.59219804 0.61882045 1.37867869
 0.5653482 0.60431812 0.70550593 0.09268515 0.37380925 0.40083176